Atomic name / mass:
Id.   Name      Mass
0     H         1.01
1     C         12.01
2     N         15.01
Molecular name / composition / boundary condition:
Id.   Molecule    H    C    N    |   Top           Bottom
0     H           1    0    0    |   0   0.00E+00  0   0.00E+00
1     H2          2    0    0    |   0   0.00E+00  0   0.00E+00
2     C           0    1    0    |   0   0.00E+00  0   0.00E+00
3     CH          1    1    0    |   0   0.00E+00  0   0.00E+00
4     (1)CH2      2    1    0    |   0   0.00E+00  0   0.00E+00
5     (3)CH2      2    1    0    |   0   0.00E+00  0   0.00E+00
6     CH3         3    1    0    |   0   0.00E+00  0   0.00E+00
7     CH4         4    1    0    |   0   0.00E+00  0   0.00E+00
8     C2          0    2    0    |   0   0.00E+00  0   0.00E+00
9     C2H         1    2    0    |   0   0.00E+00  0   0.00E+00
10    C2H2        2    2    0    |   0   0.00E+00  0   0.00E+00
11    C2H3        3    2    0    |   0   0.00E+00  0   0.00E+00
12    C2H4        4    2    0    |   0   0.00E+00  0   0.00E+00
13    C2H5        5    2    0    |   0   0.00E+00  0   0.00E+00
14    C2H6        6    2    0    |   0   0.00E+00  0   0.00E+00
15    C3          0    3    0    |   0   0.00E+00  0   0.00E+00
16    C3H         1    3    0    |   0   0.00E+00  0   0.00E+00
17    C3H2        2    3    0    |   0   0.00E+00  0   0.00E+00
18    C3H3        3    3    0    |   0   0.00E+00  0   0.00E+00
19    CH3C2H      4    3    0    |   0   0.00E+00  0   0.00E+00
20    CH2CCH2     4    3    0    |   0   0.00E+00  0   0.00E+00
21    C3H5        5    3    0    |   0   0.00E+00  0   0.00E+00
22    C3H6        6    3    0    |   0   0.00E+00  0   0.00E+00
23    C3H7        7    3    0    |   0   0.00E+00  0   0.00E+00
24    C3H8        8    3    0    |   0   0.00E+00  0   0.00E+00
25    C4H         1    4    0    |   0   0.00E+00  0   0.00E+00
26    C4H2        2    4    0    |   0   0.00E+00  0   0.00E+00
27    C4H2*       2    4    0    |   0   0.00E+00  0   0.00E+00
28    C4H3        3    4    0    |   0   0.00E+00  0   0.00E+00
29    C4H4        4    4    0    |   0   0.00E+00  0   0.00E+00
30    C4H5        5    4    0    |   0   0.00E+00  0   0.00E+00
31    ^1-C4H6     6    4    0    |   0   0.00E+00  0   0.00E+00
32    ^1,2-C4H6   6    4    0    |   0   0.00E+00  0   0.00E+00
33    ^1,3-C4H6   6    4    0    |   0   0.00E+00  0   0.00E+00
34    C4H8        8    4    0    |   0   0.00E+00  0   0.00E+00
35    C4H9        9    4    0    |   0   0.00E+00  0   0.00E+00
36    C4H10       10   4    0    |   0   0.00E+00  0   0.00E+00
37    C5H3        3    5    0    |   0   0.00E+00  0   0.00E+00
38    C5H4        4    5    0    |   0   0.00E+00  0   0.00E+00
39    C6H         1    6    0    |   0   0.00E+00  0   0.00E+00
40    C6H2        2    6    0    |   0   0.00E+00  0   0.00E+00
41    C6H3        3    6    0    |   0   0.00E+00  0   0.00E+00
42    C6H4        4    6    0    |   0   0.00E+00  0   0.00E+00
43    C6H5        5    6    0    |   0   0.00E+00  0   0.00E+00
44    LC6H6       6    6    0    |   0   0.00E+00  0   0.00E+00
45    C6H6        6    6    0    |   0   0.00E+00  0   0.00E+00
46    C8H2        2    8    0    |   0   0.00E+00  0   0.00E+00
47    C8H3        3    8    0    |   0   0.00E+00  0   0.00E+00
48    N           0    0    1    |   0   0.00E+00  0   0.00E+00
49    N2          0    0    2    |   0   0.00E+00  0   0.00E+00
50    NH          1    0    1    |   0   0.00E+00  0   0.00E+00
51    NH2         2    0    1    |   0   0.00E+00  0   0.00E+00
52    NH3         3    0    1    |   0   0.00E+00  0   0.00E+00
53    N2H3        3    0    2    |   0   0.00E+00  0   0.00E+00
54    N2H4        4    0    2    |   0   0.00E+00  0   0.00E+00
55    CN          0    1    1    |   0   0.00E+00  0   0.00E+00
56    HCN         1    1    1    |   0   0.00E+00  0   0.00E+00
57    H2CN        2    1    1    |   0   0.00E+00  0   0.00E+00
58    CH2NH       3    1    1    |   0   0.00E+00  0   0.00E+00
59    CH3NH       4    1    1    |   0   0.00E+00  0   0.00E+00
60    CH2NH2      4    1    1    |   0   0.00E+00  0   0.00E+00
61    CH3NH2      5    1    1    |   0   0.00E+00  0   0.00E+00
62    C2N         0    2    1    |   0   0.00E+00  0   0.00E+00
63    C2N2        0    2    2    |   0   0.00E+00  0   0.00E+00
64    CH2CN       2    2    1    |   0   0.00E+00  0   0.00E+00
65    CH3CN       3    2    1    |   0   0.00E+00  0   0.00E+00
66    C2H4N       4    2    1    |   0   0.00E+00  0   0.00E+00
67    C2H5N       5    2    1    |   0   0.00E+00  0   0.00E+00
68    C2H6N       6    2    1    |   0   0.00E+00  0   0.00E+00
69    C2H5NH2     7    2    1    |   0   0.00E+00  0   0.00E+00
70    C2H6N2      6    2    2    |   0   0.00E+00  0   0.00E+00
71    C3N         0    3    1    |   0   0.00E+00  0   0.00E+00
72    HC3N        1    3    1    |   0   0.00E+00  0   0.00E+00
73    C2H3CN      3    3    1    |   0   0.00E+00  0   0.00E+00
74    C3H9N       9    3    1    |   0   0.00E+00  0   0.00E+00
75    C4N2        0    4    2    |   0   0.00E+00  0   0.00E+00
76    C4H8N2      8    4    2    |   0   0.00E+00  0   0.00E+00
77    NH3CON      3    0    1    |   0   0.00E+00  0   0.00E+00
78    N2H4CON     4    0    2    |   0   0.00E+00  0   0.00E+00
79    HCNCON      1    1    1    |   0   0.00E+00  0   0.00E+00
80    CH3CNCON    3    2    1    |   0   0.00E+00  0   0.00E+00
81    HC3NCON     1    3    1    |   0   0.00E+00  0   0.00E+00
82    ACRYLCON    3    3    1    |   0   0.00E+00  0   0.00E+00
83    C6H6CON     6    6    0    |   0   0.00E+00  0   0.00E+00
84    PROD        10   5    0    |   0   0.00E+00  0   0.00E+00
85    U           0    0    0    |   0   0.00E+00  0   0.00E+00
86    V           0    0    0    |   0   0.00E+00  0   0.00E+00
87    W           0    0    0    |   0   0.00E+00  0   0.00E+00
88    Y           0    0    0    |   0   0.00E+00  0   0.00E+00
89    RAYEAR      0    0    0    |   0   0.00E+00  0   0.00E+00
90    M           0    0    0    |   0   0.00E+00  0   0.00E+00
Reaction list / rate:
Id.   Type Reaction                    ko_A      ko_n   ko_E      koo_A     koo_n  koo_E     kr_A      kr_n   kr_E
0     1    H2=2H                       0.00E+00  0.0    0.0       0.00E+00  0.0    0.0       0.00E+00  0.0    0.0
1     1    (3)CH2=CH+H                 0.00E+00  0.0    0.0       0.00E+00  0.0    0.0       0.00E+00  0.0    0.0
2     1    CH3=CH+H2                   0.00E+00  0.0    0.0       0.00E+00  0.0    0.0       0.00E+00  0.0    0.0
3     1    CH3=(1)CH2+H                0.00E+00  0.0    0.0       0.00E+00  0.0    0.0       0.00E+00  0.0    0.0
4     1    CH4=CH3+H                   0.00E+00  0.0    0.0       0.00E+00  0.0    0.0       0.00E+00  0.0    0.0
5     1    CH4=(1)CH2+H2               0.00E+00  0.0    0.0       0.00E+00  0.0    0.0       0.00E+00  0.0    0.0
6     1    CH4=(1)CH2+2H               0.00E+00  0.0    0.0       0.00E+00  0.0    0.0       0.00E+00  0.0    0.0
7     1    CH4=(3)CH2+2H               0.00E+00  0.0    0.0       0.00E+00  0.0    0.0       0.00E+00  0.0    0.0
8     1    CH4=CH+H+H2                 0.00E+00  0.0    0.0       0.00E+00  0.0    0.0       0.00E+00  0.0    0.0
9     1    C2H2=C2H+H                  0.00E+00  0.0    0.0       0.00E+00  0.0    0.0       0.00E+00  0.0    0.0
10    1    C2H2=C2+H2                  0.00E+00  0.0    0.0       0.00E+00  0.0    0.0       0.00E+00  0.0    0.0
11    1    C2H3=C2H2+H                 0.00E+00  0.0    0.0       0.00E+00  0.0    0.0       0.00E+00  0.0    0.0
12    1    C2H4=C2H2+H2                0.00E+00  0.0    0.0       0.00E+00  0.0    0.0       0.00E+00  0.0    0.0
13    1    C2H4=C2H2+2H                0.00E+00  0.0    0.0       0.00E+00  0.0    0.0       0.00E+00  0.0    0.0
14    1    C2H4=C2H3+H                 0.00E+00  0.0    0.0       0.00E+00  0.0    0.0       0.00E+00  0.0    0.0
15    1    C2H5=CH3+(1)CH2             0.00E+00  0.0    0.0       0.00E+00  0.0    0.0       0.00E+00  0.0    0.0
16    1    C2H6=C2H4+H2                0.00E+00  0.0    0.0       0.00E+00  0.0    0.0       0.00E+00  0.0    0.0
17    1    C2H6=C2H4+2H                0.00E+00  0.0    0.0       0.00E+00  0.0    0.0       0.00E+00  0.0    0.0
18    1    C2H6=C2H2+2H2               0.00E+00  0.0    0.0       0.00E+00  0.0    0.0       0.00E+00  0.0    0.0
19    1    C2H6=CH4+(1)CH2             0.00E+00  0.0    0.0       0.00E+00  0.0    0.0       0.00E+00  0.0    0.0
20    1    C2H6=2CH3                   0.00E+00  0.0    0.0       0.00E+00  0.0    0.0       0.00E+00  0.0    0.0
21    1    C3H2=C3+H2                  0.00E+00  0.0    0.0       0.00E+00  0.0    0.0       0.00E+00  0.0    0.0
22    1    C3H3=C3H2+H                 0.00E+00  0.0    0.0       0.00E+00  0.0    0.0       0.00E+00  0.0    0.0
23    1    C3H3=C3H+H2                 0.00E+00  0.0    0.0       0.00E+00  0.0    0.0       0.00E+00  0.0    0.0
24    1    CH3C2H=C3H3+H               0.00E+00  0.0    0.0       0.00E+00  0.0    0.0       0.00E+00  0.0    0.0
25    1    CH3C2H=C3H2+H2              0.00E+00  0.0    0.0       0.00E+00  0.0    0.0       0.00E+00  0.0    0.0
26    1    CH3C2H=(1)CH2+C2H2          0.00E+00  0.0    0.0       0.00E+00  0.0    0.0       0.00E+00  0.0    0.0
27    1    CH2CCH2=C3H3+H              0.00E+00  0.0    0.0       0.00E+00  0.0    0.0       0.00E+00  0.0    0.0
28    1    CH2CCH2=C3H2+H2             0.00E+00  0.0    0.0       0.00E+00  0.0    0.0       0.00E+00  0.0    0.0
29    1    C3H5=CH3C2H+H               0.00E+00  0.0    0.0       0.00E+00  0.0    0.0       0.00E+00  0.0    0.0
30    1    C3H5=CH2CCH2+H              0.00E+00  0.0    0.0       0.00E+00  0.0    0.0       0.00E+00  0.0    0.0
31    1    C3H5=C2H2+CH3               0.00E+00  0.0    0.0       0.00E+00  0.0    0.0       0.00E+00  0.0    0.0
32    1    C3H6=C3H5+H                 0.00E+00  0.0    0.0       0.00E+00  0.0    0.0       0.00E+00  0.0    0.0
33    1    C3H6=CH3C2H+H2              0.00E+00  0.0    0.0       0.00E+00  0.0    0.0       0.00E+00  0.0    0.0
34    1    C3H6=CH2CCH2+H2             0.00E+00  0.0    0.0       0.00E+00  0.0    0.0       0.00E+00  0.0    0.0
35    1    C3H6=C2H4+(1)CH2            0.00E+00  0.0    0.0       0.00E+00  0.0    0.0       0.00E+00  0.0    0.0
36    1    C3H6=C2H3+CH3               0.00E+00  0.0    0.0       0.00E+00  0.0    0.0       0.00E+00  0.0    0.0
37    1    C3H6=C2H2+CH4               0.00E+00  0.0    0.0       0.00E+00  0.0    0.0       0.00E+00  0.0    0.0
38    1    C3H8=C3H6+H2                0.00E+00  0.0    0.0       0.00E+00  0.0    0.0       0.00E+00  0.0    0.0
39    1    C3H8=C2H6+(1)CH2            0.00E+00  0.0    0.0       0.00E+00  0.0    0.0       0.00E+00  0.0    0.0
40    1    C3H8=C2H5+CH3               0.00E+00  0.0    0.0       0.00E+00  0.0    0.0       0.00E+00  0.0    0.0
41    1    C3H8=C2H4+CH4               0.00E+00  0.0    0.0       0.00E+00  0.0    0.0       0.00E+00  0.0    0.0
42    1    C4H2=C4H+H                  0.00E+00  0.0    0.0       0.00E+00  0.0    0.0       0.00E+00  0.0    0.0
43    1    C4H2=C2H2+C2                0.00E+00  0.0    0.0       0.00E+00  0.0    0.0       0.00E+00  0.0    0.0
44    1    C4H2=2C2H                   0.00E+00  0.0    0.0       0.00E+00  0.0    0.0       0.00E+00  0.0    0.0
45    1    C4H2=C4H2*                  0.00E+00  0.0    0.0       0.00E+00  0.0    0.0       0.00E+00  0.0    0.0
46    1    C4H4=C4H2+H2                0.00E+00  0.0    0.0       0.00E+00  0.0    0.0       0.00E+00  0.0    0.0
47    1    C4H4=2C2H2                  0.00E+00  0.0    0.0       0.00E+00  0.0    0.0       0.00E+00  0.0    0.0
48    1    ^1-C4H6=C4H4+2H             0.00E+00  0.0    0.0       0.00E+00  0.0    0.0       0.00E+00  0.0    0.0
49    1    ^1-C4H6=C3H3+CH3            0.00E+00  0.0    0.0       0.00E+00  0.0    0.0       0.00E+00  0.0    0.0
50    1    ^1-C4H6=C2H5+C2H            0.00E+00  0.0    0.0       0.00E+00  0.0    0.0       0.00E+00  0.0    0.0
51    1    ^1-C4H6=C2H4+C2H+H          0.00E+00  0.0    0.0       0.00E+00  0.0    0.0       0.00E+00  0.0    0.0
52    1    ^1-C4H6=C2H3+C2H+H2         0.00E+00  0.0    0.0       0.00E+00  0.0    0.0       0.00E+00  0.0    0.0
53    1    ^1-C4H6=2C2H2+H2            0.00E+00  0.0    0.0       0.00E+00  0.0    0.0       0.00E+00  0.0    0.0
54    1    ^1,2-C4H6=C4H5+H            0.00E+00  0.0    0.0       0.00E+00  0.0    0.0       0.00E+00  0.0    0.0
55    1    ^1,2-C4H6=C4H4+2H           0.00E+00  0.0    0.0       0.00E+00  0.0    0.0       0.00E+00  0.0    0.0
56    1    ^1,2-C4H6=C3H3+CH3          0.00E+00  0.0    0.0       0.00E+00  0.0    0.0       0.00E+00  0.0    0.0
57    1    ^1,2-C4H6=C2H4+C2H2         0.00E+00  0.0    0.0       0.00E+00  0.0    0.0       0.00E+00  0.0    0.0
58    1    ^1,2-C4H6=C2H3+C2H2+H       0.00E+00  0.0    0.0       0.00E+00  0.0    0.0       0.00E+00  0.0    0.0
59    1    ^1,2-C4H6=C2H3+C2H+H2       0.00E+00  0.0    0.0       0.00E+00  0.0    0.0       0.00E+00  0.0    0.0
60    1    ^1,2-C4H6=2C2H2+H2          0.00E+00  0.0    0.0       0.00E+00  0.0    0.0       0.00E+00  0.0    0.0
61    1    ^1,3-C4H6=C4H5+H            0.00E+00  0.0    0.0       0.00E+00  0.0    0.0       0.00E+00  0.0    0.0
62    1    ^1,3-C4H6=C4H4+H2           0.00E+00  0.0    0.0       0.00E+00  0.0    0.0       0.00E+00  0.0    0.0
63    1    ^1,3-C4H6=C3H3+CH3          0.00E+00  0.0    0.0       0.00E+00  0.0    0.0       0.00E+00  0.0    0.0
64    1    ^1,3-C4H6=C2H4+C2H2         0.00E+00  0.0    0.0       0.00E+00  0.0    0.0       0.00E+00  0.0    0.0
65    1    ^1,3-C4H6=2C2H3             0.00E+00  0.0    0.0       0.00E+00  0.0    0.0       0.00E+00  0.0    0.0
66    1    C4H8=^1,3-C4H6+2H           0.00E+00  0.0    0.0       0.00E+00  0.0    0.0       0.00E+00  0.0    0.0
67    1    C4H8=C3H5+CH3               0.00E+00  0.0    0.0       0.00E+00  0.0    0.0       0.00E+00  0.0    0.0
68    1    C4H8=CH3C2H+CH4             0.00E+00  0.0    0.0       0.00E+00  0.0    0.0       0.00E+00  0.0    0.0
69    1    C4H8=CH2CCH2+CH4            0.00E+00  0.0    0.0       0.00E+00  0.0    0.0       0.00E+00  0.0    0.0
70    1    C4H8=C2H5+C2H3              0.00E+00  0.0    0.0       0.00E+00  0.0    0.0       0.00E+00  0.0    0.0
71    1    C4H8=2C2H4                  0.00E+00  0.0    0.0       0.00E+00  0.0    0.0       0.00E+00  0.0    0.0
72    1    C4H8=C2H2+2CH3              0.00E+00  0.0    0.0       0.00E+00  0.0    0.0       0.00E+00  0.0    0.0
73    1    C4H10=C4H8+H2               0.00E+00  0.0    0.0       0.00E+00  0.0    0.0       0.00E+00  0.0    0.0
74    1    C4H10=C3H8+(1)CH2           0.00E+00  0.0    0.0       0.00E+00  0.0    0.0       0.00E+00  0.0    0.0
75    1    C4H10=C3H6+CH4              0.00E+00  0.0    0.0       0.00E+00  0.0    0.0       0.00E+00  0.0    0.0
76    1    C4H10=C3H6+CH3+H            0.00E+00  0.0    0.0       0.00E+00  0.0    0.0       0.00E+00  0.0    0.0
77    1    C4H10=C2H6+C2H4             0.00E+00  0.0    0.0       0.00E+00  0.0    0.0       0.00E+00  0.0    0.0
78    1    C4H10=2C2H5                 0.00E+00  0.0    0.0       0.00E+00  0.0    0.0       0.00E+00  0.0    0.0
79    1    C4H10=C2H4+2CH3             0.00E+00  0.0    0.0       0.00E+00  0.0    0.0       0.00E+00  0.0    0.0
80    1    C5H4=C3H2+C2H2              0.00E+00  0.0    0.0       0.00E+00  0.0    0.0       0.00E+00  0.0    0.0
81    1    C6H2=C6H+H                  0.00E+00  0.0    0.0       0.00E+00  0.0    0.0       0.00E+00  0.0    0.0
82    1    C6H2=C4H+C2H                0.00E+00  0.0    0.0       0.00E+00  0.0    0.0       0.00E+00  0.0    0.0
83    1    C6H4=C6H3+H                 0.00E+00  0.0    0.0       0.00E+00  0.0    0.0       0.00E+00  0.0    0.0
84    1    C6H4=C6H2+H2                0.00E+00  0.0    0.0       0.00E+00  0.0    0.0       0.00E+00  0.0    0.0
85    1    C6H4=C4H2+C2H2              0.00E+00  0.0    0.0       0.00E+00  0.0    0.0       0.00E+00  0.0    0.0
86    1    C6H5=C6H4+H                 0.00E+00  0.0    0.0       0.00E+00  0.0    0.0       0.00E+00  0.0    0.0
87    1    C6H5=C4H3+C2H2              0.00E+00  0.0    0.0       0.00E+00  0.0    0.0       0.00E+00  0.0    0.0
88    1    C6H6=C6H5+H                 0.00E+00  0.0    0.0       0.00E+00  0.0    0.0       0.00E+00  0.0    0.0
89    1    C6H6=3C2H2                  0.00E+00  0.0    0.0       0.00E+00  0.0    0.0       0.00E+00  0.0    0.0
90    1    C6H6=C5H3+CH3               0.00E+00  0.0    0.0       0.00E+00  0.0    0.0       0.00E+00  0.0    0.0
91    1    C6H6=C4H2+C2H4              0.00E+00  0.0    0.0       0.00E+00  0.0    0.0       0.00E+00  0.0    0.0
92    1    C6H6=2C3H3                  0.00E+00  0.0    0.0       0.00E+00  0.0    0.0       0.00E+00  0.0    0.0
93    1    LC6H6=C6H5+H                0.00E+00  0.0    0.0       0.00E+00  0.0    0.0       0.00E+00  0.0    0.0
94    1    LC6H6=C6H4+H2               0.00E+00  0.0    0.0       0.00E+00  0.0    0.0       0.00E+00  0.0    0.0
95    1    LC6H6=C5H3+CH3              0.00E+00  0.0    0.0       0.00E+00  0.0    0.0       0.00E+00  0.0    0.0
96    1    LC6H6=C4H4+C2H2             0.00E+00  0.0    0.0       0.00E+00  0.0    0.0       0.00E+00  0.0    0.0
97    1    LC6H6=2C3H3                 0.00E+00  0.0    0.0       0.00E+00  0.0    0.0       0.00E+00  0.0    0.0
98    1    C8H2=C6H+C2H                0.00E+00  0.0    0.0       0.00E+00  0.0    0.0       0.00E+00  0.0    0.0
99    1    C8H2=2C4H                   0.00E+00  0.0    0.0       0.00E+00  0.0    0.0       0.00E+00  0.0    0.0
100   1    NH=N+H                      0.00E+00  0.0    0.0       0.00E+00  0.0    0.0       0.00E+00  0.0    0.0
101   1    NH2=NH+H                    0.00E+00  0.0    0.0       0.00E+00  0.0    0.0       0.00E+00  0.0    0.0
102   1    NH3=NH2+H                   0.00E+00  0.0    0.0       0.00E+00  0.0    0.0       0.00E+00  0.0    0.0
103   1    NH3=NH+2H                   0.00E+00  0.0    0.0       0.00E+00  0.0    0.0       0.00E+00  0.0    0.0
104   1    N2H4=N2H3+H                 0.00E+00  0.0    0.0       0.00E+00  0.0    0.0       0.00E+00  0.0    0.0
105   1    CH2NH=HCN+H2                0.00E+00  0.0    0.0       0.00E+00  0.0    0.0       0.00E+00  0.0    0.0
106   1    CH3NH2=CH2NH+2H             0.00E+00  0.0    0.0       0.00E+00  0.0    0.0       0.00E+00  0.0    0.0
107   1    CH3NH2=CH2NH2+H             0.00E+00  0.0    0.0       0.00E+00  0.0    0.0       0.00E+00  0.0    0.0
108   1    CH3NH2=CH3NH+H              0.00E+00  0.0    0.0       0.00E+00  0.0    0.0       0.00E+00  0.0    0.0
109   1    CH3NH2=HCN+H2+2H            0.00E+00  0.0    0.0       0.00E+00  0.0    0.0       0.00E+00  0.0    0.0
110   1    CH3NH2=HCN+2H2              0.00E+00  0.0    0.0       0.00E+00  0.0    0.0       0.00E+00  0.0    0.0
111   1    CH3NH2=CH4+NH               0.00E+00  0.0    0.0       0.00E+00  0.0    0.0       0.00E+00  0.0    0.0
112   1    CH3NH2=(1)CH2+NH3           0.00E+00  0.0    0.0       0.00E+00  0.0    0.0       0.00E+00  0.0    0.0
113   1    CH3NH2=CH3+NH2              0.00E+00  0.0    0.0       0.00E+00  0.0    0.0       0.00E+00  0.0    0.0
114   1    CH3NH2=CN+2H2+H             0.00E+00  0.0    0.0       0.00E+00  0.0    0.0       0.00E+00  0.0    0.0
115   1    CN=C+N                      0.00E+00  0.0    0.0       0.00E+00  0.0    0.0       0.00E+00  0.0    0.0
116   1    HCN=H+CN                    0.00E+00  0.0    0.0       0.00E+00  0.0    0.0       0.00E+00  0.0    0.0
117   1    H2CN=H+HCN                  0.00E+00  0.0    0.0       0.00E+00  0.0    0.0       0.00E+00  0.0    0.0
118   1    C2N=C+CN                    0.00E+00  0.0    0.0       0.00E+00  0.0    0.0       0.00E+00  0.0    0.0
119   1    C2N2=2CN                    0.00E+00  0.0    0.0       0.00E+00  0.0    0.0       0.00E+00  0.0    0.0
120   1    CH2CN=(3)CH2+CN             0.00E+00  0.0    0.0       0.00E+00  0.0    0.0       0.00E+00  0.0    0.0
121   1    CH3CN=CH3+CN                0.00E+00  0.0    0.0       0.00E+00  0.0    0.0       0.00E+00  0.0    0.0
122   1    CH3CN=H+CH2CN               0.00E+00  0.0    0.0       0.00E+00  0.0    0.0       0.00E+00  0.0    0.0
123   1    C2H5N=C2H4N+H               0.00E+00  0.0    0.0       0.00E+00  0.0    0.0       0.00E+00  0.0    0.0
124   1    C2H5N=HCN+CH3+H             0.00E+00  0.0    0.0       0.00E+00  0.0    0.0       0.00E+00  0.0    0.0
125   1    C2H5N=H2CN+CH3              0.00E+00  0.0    0.0       0.00E+00  0.0    0.0       0.00E+00  0.0    0.0
126   1    C2H5N=CH3CN+H2              0.00E+00  0.0    0.0       0.00E+00  0.0    0.0       0.00E+00  0.0    0.0
127   1    C2H5NH2=C2H6N+H             0.00E+00  0.0    0.0       0.00E+00  0.0    0.0       0.00E+00  0.0    0.0
128   1    C2H5NH2=NH2+C2H5            0.00E+00  0.0    0.0       0.00E+00  0.0    0.0       0.00E+00  0.0    0.0
129   1    C2H5NH2=NH3+C2H4            0.00E+00  0.0    0.0       0.00E+00  0.0    0.0       0.00E+00  0.0    0.0
130   1    C2H6N2=H2CN+CH3NH           0.00E+00  0.0    0.0       0.00E+00  0.0    0.0       0.00E+00  0.0    0.0
131   1    C2H6N2=HCN+CH3NH2           0.00E+00  0.0    0.0       0.00E+00  0.0    0.0       0.00E+00  0.0    0.0
132   1    C2H6N2=CH3CN+NH3            0.00E+00  0.0    0.0       0.00E+00  0.0    0.0       0.00E+00  0.0    0.0
133   1    C2H6N2=N2+C2H6              0.00E+00  0.0    0.0       0.00E+00  0.0    0.0       0.00E+00  0.0    0.0
134   1    C3N=C2+CN                   0.00E+00  0.0    0.0       0.00E+00  0.0    0.0       0.00E+00  0.0    0.0
135   1    HC3N=C2H+CN                 0.00E+00  0.0    0.0       0.00E+00  0.0    0.0       0.00E+00  0.0    0.0
136   1    HC3N=H+C3N                  0.00E+00  0.0    0.0       0.00E+00  0.0    0.0       0.00E+00  0.0    0.0
137   1    C2H3CN=C2H3+CN              0.00E+00  0.0    0.0       0.00E+00  0.0    0.0       0.00E+00  0.0    0.0
138   1    C3H9N=C2H5N+CH4             0.00E+00  0.0    0.0       0.00E+00  0.0    0.0       0.00E+00  0.0    0.0
139   1    C3H9N=NH3+C3H6              0.00E+00  0.0    0.0       0.00E+00  0.0    0.0       0.00E+00  0.0    0.0
140   1    C4N2=C3N+CN                 0.00E+00  0.0    0.0       0.00E+00  0.0    0.0       0.00E+00  0.0    0.0
141   1    C4H8N2=CH3CN+C2H5N          0.00E+00  0.0    0.0       0.00E+00  0.0    0.0       0.00E+00  0.0    0.0
142   1    C4H8N2=N2+C4H8              0.00E+00  0.0    0.0       0.00E+00  0.0    0.0       0.00E+00  0.0    0.0
143   1    C4H8N2=NH3+PROD             0.00E+00  0.0    0.0       0.00E+00  0.0    0.0       0.00E+00  0.0    0.0
144   1    C4H8N2=CH4+PROD             0.00E+00  0.0    0.0       0.00E+00  0.0    0.0       0.00E+00  0.0    0.0
145   2    2H+M=H2+M                   1.00E-11  0.0    0.0       2.70E-31  -0.6   0.0       0.00E+00  0.0    0.0
146   2    H+CH=C+H2                   1.30E-10  0.0    -80.0     0.00E+00  0.0    0.0       0.00E+00  0.0    0.0
147   2    H+(1)CH2=CH+H2              3.00E-10  0.0    0.0       0.00E+00  0.0    0.0       0.00E+00  0.0    0.0
148   2    H+(3)CH2=CH+H2              2.66E-10  0.0    0.0       0.00E+00  0.0    0.0       0.00E+00  0.0    0.0
149   3    H+(3)CH2+M=CH3+M            8.55E-12  0.1    0.0       9.00E-32  0.0    550.0     0.00E+00  0.0    0.0
150   3    H+CH3+M=CH4+M               1.92E-08  -0.5   -400.0    2.55E-23  -2.2   0.0       0.00E+00  0.0    0.0
151   2    H+CH4=CH3+H2                2.20E-20  3.0    -4045.0   0.00E+00  0.0    0.0       0.00E+00  0.0    0.0
152   3    H+C2H+M=C2H2+M              3.00E-10  0.0    0.0       1.26E-18  -3.1   -721.0    0.00E+00  0.0    0.0
153   2    H+C2H2=C2H+H2               1.50E-13  1.3    -15400.0  0.00E+00  0.0    0.0       0.00E+00  0.0    0.0
154   3    H+C2H2+M=C2H3+M             1.40E-11  0.0    -1300.0   3.30E-30  0.0    -740.0    0.00E+00  0.0    0.0
155   2    H+C2H3=C2H2+H2              1.50E-12  0.5    0.0       0.00E+00  0.0    0.0       0.00E+00  0.0    0.0
156   3    H+C2H3+M=C2H4+M             1.80E-10  0.0    0.0       2.30E-24  -1.0   0.0       0.00E+00  0.0    0.0
157   2    H+C2H4=C2H3+H2              8.41E-17  1.9    -6518.0   0.00E+00  0.0    0.0       0.00E+00  0.0    0.0
158   3    H+C2H4+M=C2H5+M             6.60E-15  1.3    -650.0    1.30E-29  0.0    -380.0    0.00E+00  0.0    0.0
159   2    H+C2H5=2CH3                 1.25E-10  0.0    0.0       0.00E+00  0.0    0.0       0.00E+00  0.0    0.0
160   2    H+C2H5=C2H4+H2              3.00E-12  0.0    0.0       0.00E+00  0.0    0.0       0.00E+00  0.0    0.0
161   3    H+C2H5+M=C2H6+M             2.00E-10  0.0    0.0       4.00E-19  -3.0   -600.0    0.00E+00  0.0    0.0
162   2    H+C2H6=C2H5+H2              2.35E-15  1.5    -3725.0   0.00E+00  0.0    0.0       0.00E+00  0.0    0.0
163   3    H+C3H2+M=C3H3+M             2.00E-10  0.0    0.0       4.00E-19  -3.0   -600.0    0.00E+00  0.0    0.0
164   3    H+C3H3+M=CH3C2H+M           1.00E-10  0.0    0.0       9.40E-20  -3.3   0.0       0.00E+00  0.0    0.0
165   3    H+C3H3+M=CH2CCH2+M          1.00E-10  0.0    0.0       1.60E-20  -3.3   0.0       0.00E+00  0.0    0.0
166   2    H+CH3C2H=C3H3+H2            4.70E-16  1.7    -3873.0   0.00E+00  0.0    0.0       0.00E+00  0.0    0.0
167   2    H+CH3C2H=CH3+C2H2           2.50E-10  0.0    -3052.0   0.00E+00  0.0    0.0       0.00E+00  0.0    0.0
168   3    H+CH3C2H+M=C3H5+M           5.00E-11  0.0    -1180.0   3.20E-24  -1.7   -300.0    0.00E+00  0.0    0.0
169   2    H+CH2CCH2=CH3C2H+H          3.00E-18  2.0    -52.0     0.00E+00  0.0    0.0       0.00E+00  0.0    0.0
170   3    H+CH2CCH2+M=C3H5+M          1.00E-18  2.0    -52.0     3.00E-28  0.0    -360.0    0.00E+00  0.0    0.0
171   2    H+C3H5=CH3C2H+H2            3.00E-11  0.0    0.0       0.00E+00  0.0    0.0       0.00E+00  0.0    0.0
172   2    H+C3H5=CH2CCH2+H2           3.00E-11  0.0    0.0       0.00E+00  0.0    0.0       0.00E+00  0.0    0.0
173   2    H+C3H5=CH3+C2H3             4.00E-12  0.0    0.0       0.00E+00  0.0    0.0       0.00E+00  0.0    0.0
174   3    H+C3H5+M=C3H6+M             2.40E-10  0.0    0.0       1.50E-29  0.0    0.0       0.00E+00  0.0    0.0
175   2    H+C3H6=C3H5+H2              2.87E-19  2.5    -1254.0   0.00E+00  0.0    0.0       0.00E+00  0.0    0.0
176   2    H+C3H6=CH3+C2H4             2.20E-11  0.0    -1641.0   0.00E+00  0.0    0.0       0.00E+00  0.0    0.0
177   3    H+C3H6+M=C3H7+M             9.47E-15  1.2    -440.0    1.30E-28  0.0    -380.0    0.00E+00  0.0    0.0
178   2    H+C3H7=C3H6+H2              3.00E-12  0.0    0.0       0.00E+00  0.0    0.0       0.00E+00  0.0    0.0
179   2    H+C3H7=C2H5+CH3             6.00E-11  0.0    0.0       0.00E+00  0.0    0.0       0.00E+00  0.0    0.0
180   3    H+C3H7+M=C3H8+M             2.49E-10  0.0    0.0       4.00E-19  -3.0   -600.0    0.00E+00  0.0    0.0
181   2    H+C3H8=C3H7+H2              2.16E-18  2.4    -2250.0   0.00E+00  0.0    0.0       0.00E+00  0.0    0.0
182   3    H+C4H+M=C4H2+M              3.00E-10  0.0    0.0       1.26E-18  -3.1   -721.0    0.00E+00  0.0    0.0
183   3    H+C4H2+M=C4H3+M             1.50E-10  0.0    -1184.0   2.00E-26  0.0    -740.0    0.00E+00  0.0    0.0
184   2    H+C4H3=2C2H2                1.00E-11  0.0    0.0       0.00E+00  0.0    0.0       0.00E+00  0.0    0.0
185   2    H+C4H3=C4H2+H2              6.00E-11  0.0    0.0       0.00E+00  0.0    0.0       0.00E+00  0.0    0.0
186   3    H+C4H3+M=C4H4+M             8.56E-10  0.0    -405.0    1.50E-19  -3.0   -300.0    0.00E+00  0.0    0.0
187   3    H+C4H4+M=C4H5+M             9.35E-12  0.0    -309.0    1.50E-20  -3.0   -300.0    0.00E+00  0.0    0.0
188   2    H+C4H5=C4H4+H2              1.50E-12  0.5    0.0       0.00E+00  0.0    0.0       0.00E+00  0.0    0.0
189   3    H+C4H5+M=^1-C4H6+M          1.00E-10  0.0    0.0       1.50E-19  -3.0   -300.0    0.00E+00  0.0    0.0
190   2    H+^1,3-C4H6=C4H5+H2         1.05E-13  0.7    -3019.0   0.00E+00  0.0    0.0       0.00E+00  0.0    0.0
191   2    H+C4H9=C4H8+H2              1.05E-11  0.0    0.0       0.00E+00  0.0    0.0       0.00E+00  0.0    0.0
192   3    H+C4H9+M=C4H10+M            8.95E-11  0.0    0.0       1.50E-19  -3.0   -300.0    0.00E+00  0.0    0.0
193   2    H+C5H3=C3H2+C2H2            1.50E-12  0.5    0.0       0.00E+00  0.0    0.0       0.00E+00  0.0    0.0
194   3    H+C6H2+M=C6H3+M             1.00E-10  0.0    -1184.0   1.00E-29  0.0    -360.0    0.00E+00  0.0    0.0
195   2    H+C6H3=C6H2+H2              3.00E-12  0.5    0.0       0.00E+00  0.0    0.0       0.00E+00  0.0    0.0
196   2    H+C6H3=C4H2+C2H2            3.99E-05  -1.6   -1409.0   0.00E+00  0.0    0.0       0.00E+00  0.0    0.0
197   3    H+C6H3+M=C6H4+M             8.56E-10  0.0    -405.0    1.50E-19  -3.0   -300.0    0.00E+00  0.0    0.0
198   3    H+C6H4+M=C6H5+M             9.35E-12  0.0    -309.0    1.50E-19  -3.0   -300.0    0.00E+00  0.0    0.0
199   2    H+C6H5=C4H4+C2H2            3.16E-05  -1.6   -1117.0   0.00E+00  0.0    0.0       0.00E+00  0.0    0.0
200   3    H+C6H5+M=C6H6+M             3.65E-10  0.0    0.0       1.50E-19  -3.0   -300.0    0.00E+00  0.0    0.0
201   2    H+C8H3=C8H2+H2              3.00E-12  0.5    0.0       0.00E+00  0.0    0.0       0.00E+00  0.0    0.0
202   3    C+H2+M=(3)CH2+M             2.06E-11  0.0    -57.0     7.00E-32  0.0    0.0       0.00E+00  0.0    0.0
203   3    C+C2H2+M=C3H2+M             5.95E-10  0.0    0.0       1.00E-30  0.0    0.0       0.00E+00  0.0    0.0
204   3    C+C2H4+M=CH3C2H+M           2.00E-10  0.0    0.0       1.00E-30  0.0    0.0       0.00E+00  0.0    0.0
205   2    CH+H2=(3)CH2+H              3.75E-10  0.0    -1663.0   0.00E+00  0.0    0.0       0.00E+00  0.0    0.0
206   3    CH+H2+M=CH3+M               8.55E-11  0.1    0.0       9.00E-31  0.0    550.0     0.00E+00  0.0    0.0
207   2    CH+(3)CH2=C2H2+H            3.96E-08  -1.0   -36.1     0.00E+00  0.0    0.0       0.00E+00  0.0    0.0
208   2    CH+CH3=C2H3+H               3.96E-08  -1.0   -36.1     0.00E+00  0.0    0.0       0.00E+00  0.0    0.0
209   2    CH+CH4=C2H4+H               3.96E-08  -1.0   -36.1     0.00E+00  0.0    0.0       0.00E+00  0.0    0.0
210   2    CH+C2H=C3H+H                1.59E-09  -0.2   -16.0     0.00E+00  0.0    0.0       0.00E+00  0.0    0.0
211   2    CH+C2H2=C3H2+H              1.59E-09  -0.2   -16.0     0.00E+00  0.0    0.0       0.00E+00  0.0    0.0
212   2    CH+C2H3=C3H3+H              7.74E-09  -0.5   -29.6     0.00E+00  0.0    0.0       0.00E+00  0.0    0.0
213   2    CH+C2H4=CH2CCH2+H           7.74E-09  -0.5   -29.6     0.00E+00  0.0    0.0       0.00E+00  0.0    0.0
214   2    CH+C2H5=C3H5+H              3.80E-08  -0.9   -33.5     0.00E+00  0.0    0.0       0.00E+00  0.0    0.0
215   2    CH+C2H6=C3H6+H              3.80E-08  -0.9   -33.5     0.00E+00  0.0    0.0       0.00E+00  0.0    0.0
216   2    CH+C3H2=C4H2+H              1.59E-09  -0.2   -16.0     0.00E+00  0.0    0.0       0.00E+00  0.0    0.0
217   2    CH+C3H3=C4H3+H              1.59E-09  -0.2   -16.0     0.00E+00  0.0    0.0       0.00E+00  0.0    0.0
218   2    CH+CH3C2H=C4H4+H            1.59E-09  -0.2   -16.0     0.00E+00  0.0    0.0       0.00E+00  0.0    0.0
219   2    CH+CH2CCH2=C4H4+H           1.59E-09  -0.2   -16.0     0.00E+00  0.0    0.0       0.00E+00  0.0    0.0
220   2    CH+C5H3=C6H3+H              1.59E-09  -0.2   -16.0     0.00E+00  0.0    0.0       0.00E+00  0.0    0.0
221   2    CH+C5H4=C6H4+H              1.59E-09  -0.2   -16.0     0.00E+00  0.0    0.0       0.00E+00  0.0    0.0
222   2    (1)CH2+H2=(3)CH2+H2         1.26E-11  0.0    0.0       0.00E+00  0.0    0.0       0.00E+00  0.0    0.0
223   2    (1)CH2+H2=CH3+H             9.24E-11  0.0    0.0       0.00E+00  0.0    0.0       0.00E+00  0.0    0.0
224   2    (1)CH2+CH3=C2H4+H           7.00E-11  0.0    0.0       0.00E+00  0.0    0.0       0.00E+00  0.0    0.0
225   2    (1)CH2+CH4=(3)CH2+CH4       1.20E-11  0.0    0.0       0.00E+00  0.0    0.0       0.00E+00  0.0    0.0
226   2    (1)CH2+CH4=2CH3             5.90E-11  0.0    0.0       0.00E+00  0.0    0.0       0.00E+00  0.0    0.0
227   2    (1)CH2+C2H2=(3)CH2+C2H2     6.60E-11  0.0    0.0       0.00E+00  0.0    0.0       0.00E+00  0.0    0.0
228   3    (1)CH2+C2H2+M=CH3C2H+M      2.50E-11  0.0    0.0       7.50E-19  -3.0   -300.0    0.00E+00  0.0    0.0
229   3    (1)CH2+C2H2+M=CH2CCH2+M     2.50E-11  0.0    0.0       7.50E-19  -3.0   -300.0    0.00E+00  0.0    0.0
230   2    (1)CH2+C2H2=C3H3+H          2.50E-10  0.0    0.0       0.00E+00  0.0    0.0       0.00E+00  0.0    0.0
231   2    (1)CH2+C2H4=(3)CH2+C2H4     1.80E-11  0.0    0.0       0.00E+00  0.0    0.0       0.00E+00  0.0    0.0
232   3    (1)CH2+C2H4+M=C3H6+M        1.32E-10  0.0    0.0       1.50E-18  -3.0   -300.0    0.00E+00  0.0    0.0
233   2    (1)CH2+C2H6=(3)CH2+C2H6     3.60E-11  0.0    0.0       0.00E+00  0.0    0.0       0.00E+00  0.0    0.0
234   1    2(3)CH2=C2H2+2H             1.80E-10  0.0    -400.0    0.00E+00  0.0    0.0       0.00E+00  0.0    0.0
235   2    (3)CH2+CH3=C2H4+H           7.00E-11  0.0    0.0       0.00E+00  0.0    0.0       0.00E+00  0.0    0.0
236   2    (3)CH2+CH4=2CH3             7.10E-12  0.0    -5051.0   0.00E+00  0.0    0.0       0.00E+00  0.0    0.0
237   2    (3)CH2+C2H=C3H2+H           3.00E-11  0.0    0.0       0.00E+00  0.0    0.0       0.00E+00  0.0    0.0
238   2    (3)CH2+C2H=C2H2+CH          3.00E-11  0.0    0.0       0.00E+00  0.0    0.0       0.00E+00  0.0    0.0
239   2    (3)CH2+C2H2=C3H2+H2         1.00E-12  0.0    -3332.0   0.00E+00  0.0    0.0       0.00E+00  0.0    0.0
240   2    (3)CH2+C2H2=C3H3+H          1.90E-11  0.0    -3332.0   0.00E+00  0.0    0.0       0.00E+00  0.0    0.0
241   3    (3)CH2+C2H2+M=CH3C2H+M      2.00E-12  0.0    -3332.0   1.50E-18  -3.0   -300.0    0.00E+00  0.0    0.0
242   2    (3)CH2+C2H3=C2H2+CH3        8.00E-11  0.0    0.0       0.00E+00  0.0    0.0       0.00E+00  0.0    0.0
243   2    (3)CH2+C2H4=C3H5+H          4.25E-12  0.0    -2658.0   0.00E+00  0.0    0.0       0.00E+00  0.0    0.0
244   3    (3)CH2+C2H4+M=C3H6+M        1.00E-12  0.0    -2658.0   1.50E-18  -3.0   -300.0    0.00E+00  0.0    0.0
245   2    (3)CH2+C2H5=C2H4+CH3        8.00E-11  0.0    0.0       0.00E+00  0.0    0.0       0.00E+00  0.0    0.0
246   2    (3)CH2+C3H2=C4H3+H          8.00E-11  0.0    0.0       0.00E+00  0.0    0.0       0.00E+00  0.0    0.0
247   2    (3)CH2+C3H3=C4H4+H          3.00E-11  0.0    0.0       0.00E+00  0.0    0.0       0.00E+00  0.0    0.0
248   2    (3)CH2+C5H3=C6H4+H          1.00E-11  0.0    0.0       0.00E+00  0.0    0.0       0.00E+00  0.0    0.0
249   2    (3)CH2+C5H4=C6H5+H          1.00E-11  0.0    -3000.0   0.00E+00  0.0    0.0       0.00E+00  0.0    0.0
250   2    CH3+H2=CH4+H                6.60E-20  2.2    -3220.0   0.00E+00  0.0    0.0       0.00E+00  0.0    0.0
251   2    2CH3+M=C2H6+M               1.12E-09  -0.5   -25.0     6.15E-18  -3.5   0.0       0.00E+00  0.0    0.0
252   3    CH3+C2H+M=CH3C2H+M          1.70E-10  0.0    0.0       1.50E-18  -3.0   -300.0    0.00E+00  0.0    0.0
253   2    CH3+C2H3=CH4+C2H2           3.00E-11  0.0    0.0       0.00E+00  0.0    0.0       0.00E+00  0.0    0.0
254   2    CH3+C2H3=C3H5+H             2.30E-11  0.0    0.0       0.00E+00  0.0    0.0       0.00E+00  0.0    0.0
255   3    CH3+C2H3+M=C3H6+M           1.10E-11  0.0    0.0       5.00E-27  0.0    0.0       0.00E+00  0.0    0.0
256   2    CH3+C2H5=CH4+C2H4           2.00E-12  0.0    0.0       0.00E+00  0.0    0.0       0.00E+00  0.0    0.0
257   3    CH3+C2H5+M=C3H8+M           6.64E-11  0.0    0.0       7.50E-17  -3.0   -300.0    0.00E+00  0.0    0.0
258   2    CH3+C3H2=C2H2+C2H3          1.00E-11  0.0    0.0       0.00E+00  0.0    0.0       0.00E+00  0.0    0.0
259   3    CH3+C3H3+M=^1-C4H6+M        9.96E-12  0.0    0.0       9.00E-19  -3.0   -300.0    0.00E+00  0.0    0.0
260   3    CH3+C3H3+M=^1,2-C4H6+M      6.64E-12  0.0    0.0       6.00E-19  -3.0   -300.0    0.00E+00  0.0    0.0
261   2    CH3+C3H5=CH4+CH3C2H         2.00E-11  0.0    0.0       0.00E+00  0.0    0.0       0.00E+00  0.0    0.0
262   2    CH3+C3H5=CH4+CH2CCH2        2.00E-11  0.0    0.0       0.00E+00  0.0    0.0       0.00E+00  0.0    0.0
263   3    CH3+C3H5+M=C4H8+M           5.00E-11  0.0    0.0       3.70E-19  -3.0   -300.0    0.00E+00  0.0    0.0
264   2    CH3+C3H6=CH4+C3H5           2.32E-13  0.0    -4390.0   0.00E+00  0.0    0.0       0.00E+00  0.0    0.0
265   3    CH3+C3H6+M=C4H9+M           1.34E-13  0.0    -3330.0   1.30E-28  0.0    -380.0    0.00E+00  0.0    0.0
266   2    CH3+C3H7=CH4+C3H6           1.90E-11  -0.3   0.0       0.00E+00  0.0    0.0       0.00E+00  0.0    0.0
267   3    CH3+C3H7+M=C4H10+M          3.20E-10  -0.3   0.0       7.07E-22  0.0    255.0     0.00E+00  0.0    0.0
268   2    CH3+C3H8=CH4+C3H7           1.50E-24  3.7    -3600.0   0.00E+00  0.0    0.0       0.00E+00  0.0    0.0
269   2    CH3+C4H5=CH4+C4H4           3.30E-11  0.0    0.0       0.00E+00  0.0    0.0       0.00E+00  0.0    0.0
270   3    CH3+C4H5+M=PROD+M           3.20E-10  -0.3   0.0       1.50E-17  -3.0   -300.0    0.00E+00  0.0    0.0
271   2    CH3+C5H3=C6H5+H             2.00E-11  0.0    0.0       0.00E+00  0.0    0.0       0.00E+00  0.0    0.0
272   2    CH3+C5H3=C4H4+C2H2          1.00E-11  0.0    0.0       0.00E+00  0.0    0.0       0.00E+00  0.0    0.0
273   2    CH3+C5H3=2C3H3              4.00E-11  0.0    0.0       0.00E+00  0.0    0.0       0.00E+00  0.0    0.0
274   3    CH3+C5H3+M=C6H6+M           3.20E-10  -0.3   0.0       1.50E-17  -3.0   -300.0    0.00E+00  0.0    0.0
275   2    C2+H2=C2H+H                 1.77E-10  0.0    -1469.0   0.00E+00  0.0    0.0       0.00E+00  0.0    0.0
276   2    C2+CH4=C2H+CH3              5.05E-11  0.0    -297.0    0.00E+00  0.0    0.0       0.00E+00  0.0    0.0
277   2    C2H+H2=C2H2+H               9.20E-18  2.2    -478.0    0.00E+00  0.0    0.0       0.00E+00  0.0    0.0
278   2    C2H+CH4=C2H2+CH3            1.20E-11  0.0    -491.0    0.00E+00  0.0    0.0       0.00E+00  0.0    0.0
279   2    2C2H+M=C4H2+M               2.60E-10  0.0    0.0       1.50E-20  -3.0   -300.0    0.00E+00  0.0    0.0
280   2    C2H+C2H2=C4H2+H             1.30E-10  0.0    0.0       0.00E+00  0.0    0.0       0.00E+00  0.0    0.0
281   2    C2H+C2H3=C4H3+H             1.45E-10  0.0    134.0     0.00E+00  0.0    0.0       0.00E+00  0.0    0.0
282   2    C2H+C2H3=2C2H2              1.60E-12  0.0    0.0       0.00E+00  0.0    0.0       0.00E+00  0.0    0.0
283   2    C2H+C2H4=C4H4+H             7.80E-11  0.0    134.0     0.00E+00  0.0    0.0       0.00E+00  0.0    0.0
284   2    C2H+C2H5=C4H5+H             1.20E-10  0.0    0.0       0.00E+00  0.0    0.0       0.00E+00  0.0    0.0
285   2    C2H+C2H5=C3H3+CH3           3.00E-11  0.0    0.0       0.00E+00  0.0    0.0       0.00E+00  0.0    0.0
286   2    C2H+C2H5=C2H2+C2H4          3.00E-12  0.0    0.0       0.00E+00  0.0    0.0       0.00E+00  0.0    0.0
287   2    C2H+C2H6=C2H2+C2H5          1.19E-12  0.5    180.0     0.00E+00  0.0    0.0       0.00E+00  0.0    0.0
288   2    C2H+C4H2=C6H2+H             1.30E-10  0.0    0.0       0.00E+00  0.0    0.0       0.00E+00  0.0    0.0
289   2    C2H+C4H10=C4H9+C2H2         1.00E-11  0.0    0.0       0.00E+00  0.0    0.0       0.00E+00  0.0    0.0
290   2    C2H+C6H2=C8H2+H             1.30E-10  0.0    0.0       0.00E+00  0.0    0.0       0.00E+00  0.0    0.0
291   2    C2H+C8H2=PROD+H             1.30E-10  0.0    0.0       0.00E+00  0.0    0.0       0.00E+00  0.0    0.0
292   2    C2H3+H2=C2H4+H              1.57E-20  2.6    -2529.0   0.00E+00  0.0    0.0       0.00E+00  0.0    0.0
293   2    C2H3+CH4=C2H4+CH3           2.40E-24  4.0    -2754.0   0.00E+00  0.0    0.0       0.00E+00  0.0    0.0
294   2    C2H3+C2H2=C4H4+H            3.31E-12  0.0    -2516.0   0.00E+00  0.0    0.0       0.00E+00  0.0    0.0
295   3    C2H3+C2H2+M=C4H5+M          4.17E-19  1.9    -1058.0   8.20E-30  0.0    -352.0    0.00E+00  0.0    0.0
296   1    2C2H3=C2H4+C2H2             3.50E-11  0.0    0.0       0.00E+00  0.0    0.0       0.00E+00  0.0    0.0
297   2    2C2H3+M=^1,3-C4H6+M         1.20E-10  0.0    0.0       7.50E-17  -3.0   -300.0    0.00E+00  0.0    0.0
298   2    C2H3+C2H4=^1-C4H6+H         1.05E-12  0.0    -1559.0   0.00E+00  0.0    0.0       0.00E+00  0.0    0.0
299   2    C2H3+C2H5=2C2H4             8.00E-13  0.0    0.0       0.00E+00  0.0    0.0       0.00E+00  0.0    0.0
300   2    C2H3+C2H5=C2H6+C2H2         8.00E-13  0.0    0.0       0.00E+00  0.0    0.0       0.00E+00  0.0    0.0
301   2    C2H3+C2H5=CH3+C3H5          0.00E+00  0.0    0.0       0.00E+00  0.0    0.0       0.00E+00  0.0    0.0
302   3    C2H3+C2H5+M=C4H8+M          0.00E+00  0.0    0.0       7.50E-17  -3.0   -300.0    0.00E+00  0.0    0.0
303   2    C2H3+C3H2=C3H3+C2H2         8.00E-11  0.0    0.0       0.00E+00  0.0    0.0       0.00E+00  0.0    0.0
304   2    C2H3+C3H3=CH3C2H+C2H2       2.00E-11  0.0    0.0       0.00E+00  0.0    0.0       0.00E+00  0.0    0.0
305   2    C2H3+C4H4=LC6H6+H           1.23E-09  -0.7   -4237.0   0.00E+00  0.0    0.0       0.00E+00  0.0    0.0
306   2    C2H5+H2=C2H6+H              5.10E-24  3.6    -4253.0   0.00E+00  0.0    0.0       0.00E+00  0.0    0.0
307   2    C2H5+C2H4=C2H6+C2H3         3.14E-21  3.1    -9063.0   0.00E+00  0.0    0.0       0.00E+00  0.0    0.0
308   1    2C2H5=C2H6+C2H4             2.40E-12  0.0    0.0       0.00E+00  0.0    0.0       0.00E+00  0.0    0.0
309   2    2C2H5+M=C4H10+M             1.40E-11  0.0    35.0      1.50E-17  -3.0   -300.0    0.00E+00  0.0    0.0
310   2    C2H5+C3H2=C3H3+C2H4         8.00E-11  0.0    0.0       0.00E+00  0.0    0.0       0.00E+00  0.0    0.0
311   2    C2H5+C3H3=CH3C2H+C2H4       2.00E-11  0.0    0.0       0.00E+00  0.0    0.0       0.00E+00  0.0    0.0
312   2    C3+H2=C3H+H                 5.50E-13  0.0    -1200.0   0.00E+00  0.0    0.0       0.00E+00  0.0    0.0
313   2    C3H+H2=C3H2+H               5.50E-13  0.0    -1200.0   0.00E+00  0.0    0.0       0.00E+00  0.0    0.0
314   3    C3H2+C2H2+M=C5H4+M          2.00E-11  0.0    -3330.0   1.50E-18  -3.0   -300.0    0.00E+00  0.0    0.0
315   2    2C3H3+M=LC6H6+M             4.10E-11  0.0    0.0       2.81E-21  -2.0   0.0       0.00E+00  0.0    0.0
316   2    2C3H3+M=C6H6+M              2.00E-12  0.0    0.0       1.48E-22  -2.0   0.0       0.00E+00  0.0    0.0
317   2    C3H3+C3H5=2CH3C2H           2.00E-11  0.0    0.0       0.00E+00  0.0    0.0       0.00E+00  0.0    0.0
318   2    C3H5+H2=C3H6+H              5.25E-11  0.0    -9913.0   0.00E+00  0.0    0.0       0.00E+00  0.0    0.0
319   2    C3H7+H2=C3H8+H              3.00E-21  2.8    -4600.0   0.00E+00  0.0    0.0       0.00E+00  0.0    0.0
320   2    C4H+H2=C4H2+H               9.20E-18  2.2    -478.0    0.00E+00  0.0    0.0       0.00E+00  0.0    0.0
321   2    C4H+CH4=C4H2+CH3            1.20E-11  0.0    -491.0    0.00E+00  0.0    0.0       0.00E+00  0.0    0.0
322   2    C4H+C2H2=C6H2+H             2.50E-11  0.0    0.0       0.00E+00  0.0    0.0       0.00E+00  0.0    0.0
323   2    C4H+C2H6=C4H2+C2H5          1.19E-12  0.5    180.0     0.00E+00  0.0    0.0       0.00E+00  0.0    0.0
324   2    C4H+C4H2=C8H2+H             1.30E-10  0.0    0.0       0.00E+00  0.0    0.0       0.00E+00  0.0    0.0
325   2    C4H+C6H2=PROD+H             1.30E-10  0.0    0.0       0.00E+00  0.0    0.0       0.00E+00  0.0    0.0
326   2    C4H+C8H2=PROD+H             1.30E-10  0.0    0.0       0.00E+00  0.0    0.0       0.00E+00  0.0    0.0
327   2    C4H2*+V=C4H2+V              1.00E+03  0.0    0.0       0.00E+00  0.0    0.0       0.00E+00  0.0    0.0
328   2    C4H2*+H2=C4H2+H2            1.40E-15  0.0    0.0       0.00E+00  0.0    0.0       0.00E+00  0.0    0.0
329   2    C4H2*+CH4=C4H2+CH4          1.40E-15  0.0    0.0       0.00E+00  0.0    0.0       0.00E+00  0.0    0.0
330   2    C4H2*+C2H2=C6H2+H2          1.75E-13  0.0    0.0       0.00E+00  0.0    0.0       0.00E+00  0.0    0.0
331   2    C4H2*+C2H2=C6H2+2H          1.75E-13  0.0    0.0       0.00E+00  0.0    0.0       0.00E+00  0.0    0.0
332   2    C4H2*+C2H4=H+C6H5           9.80E-14  0.0    0.0       0.00E+00  0.0    0.0       0.00E+00  0.0    0.0
333   2    C4H2*+C2H4=H2+C6H4          3.69E-13  0.0    0.0       0.00E+00  0.0    0.0       0.00E+00  0.0    0.0
334   2    C4H2*+CH3C2H=H2+PROD        1.59E-13  0.0    0.0       0.00E+00  0.0    0.0       0.00E+00  0.0    0.0
335   2    C4H2*+CH3C2H=C2H2+C5H4      2.46E-13  0.0    0.0       0.00E+00  0.0    0.0       0.00E+00  0.0    0.0
336   2    C4H2*+CH3C2H=C2H3+C5H3      8.68E-14  0.0    0.0       0.00E+00  0.0    0.0       0.00E+00  0.0    0.0
337   2    C4H2*+CH3C2H=C6H2+CH3+H     2.31E-13  0.0    0.0       0.00E+00  0.0    0.0       0.00E+00  0.0    0.0
338   2    C4H2*+C3H6=H2+PROD          1.63E-13  0.0    0.0       0.00E+00  0.0    0.0       0.00E+00  0.0    0.0
339   2    C4H2*+C3H6=CH3+H+C6H4       3.76E-13  0.0    0.0       0.00E+00  0.0    0.0       0.00E+00  0.0    0.0
340   2    C4H2*+C3H6=C2H2+PROD        2.29E-13  0.0    0.0       0.00E+00  0.0    0.0       0.00E+00  0.0    0.0
341   2    C4H2*+C4H2=C6H2+C2H2        8.17E-13  0.0    0.0       0.00E+00  0.0    0.0       0.00E+00  0.0    0.0
342   2    C4H2*+C4H2=C8H2+2H          2.57E-13  0.0    0.0       0.00E+00  0.0    0.0       0.00E+00  0.0    0.0
343   2    C4H2*+C4H2=C8H2+H2          2.57E-13  0.0    0.0       0.00E+00  0.0    0.0       0.00E+00  0.0    0.0
344   2    C4H2*+C4H2=C8H3+H           1.00E-12  0.0    0.0       0.00E+00  0.0    0.0       0.00E+00  0.0    0.0
345   3    C4H3+C2H2+M=C6H5+M          6.84E-18  1.6    -1258.0   3.00E-23  -1.0   0.0       0.00E+00  0.0    0.0
346   2    C4H5+H2=^1-C4H6+H           6.61E-15  0.5    -1864.0   0.00E+00  0.0    0.0       0.00E+00  0.0    0.0
347   2    C4H5+C2H2=C6H6+H            2.86E-18  1.8    -1127.0   0.00E+00  0.0    0.0       0.00E+00  0.0    0.0
348   2    C6H+H2=C6H2+H               9.20E-18  2.2    -478.0    0.00E+00  0.0    0.0       0.00E+00  0.0    0.0
349   2    C6H+CH4=C6H2+CH3            1.20E-11  0.0    -491.0    0.00E+00  0.0    0.0       0.00E+00  0.0    0.0
350   2    C6H+C2H2=C8H2+H             1.30E-11  0.0    0.0       0.00E+00  0.0    0.0       0.00E+00  0.0    0.0
351   2    C6H+C2H6=C6H2+C2H5          3.50E-11  0.0    3.0       0.00E+00  0.0    0.0       0.00E+00  0.0    0.0
352   2    C6H+C4H2=PROD+H             1.30E-10  0.0    0.0       0.00E+00  0.0    0.0       0.00E+00  0.0    0.0
353   2    C6H+C6H2=PROD+H             1.30E-10  0.0    0.0       0.00E+00  0.0    0.0       0.00E+00  0.0    0.0
354   2    C6H+C8H2=PROD+H             1.30E-10  0.0    0.0       0.00E+00  0.0    0.0       0.00E+00  0.0    0.0
355   2    C6H5+H2=C6H6+H              9.48E-20  2.4    -3159.0   0.00E+00  0.0    0.0       0.00E+00  0.0    0.0
356   2    C6H5+CH4=C6H6+CH3           3.32E-12  0.0    -4329.0   0.00E+00  0.0    0.0       0.00E+00  0.0    0.0
357   2    C6H5+C2H2=PROD+H            3.72E-13  0.0    -1560.0   0.00E+00  0.0    0.0       0.00E+00  0.0    0.0
358   2    C6H5+C2H4=PROD+H            1.20E-12  0.0    -2250.0   0.00E+00  0.0    0.0       0.00E+00  0.0    0.0
359   2    LC6H6+V=C6H6+V              1.00E+03  0.0    0.0       0.00E+00  0.0    0.0       0.00E+00  0.0    0.0
360   2    LC6H6+H=C6H6+H              1.44E-07  -1.3   -1761.0   0.00E+00  0.0    0.0       0.00E+00  0.0    0.0
361   3    N+H+M=NH+M                  1.00E-13  0.0    0.0       5.00E-32  0.0    0.0       0.00E+00  0.0    0.0
362   3    N+H2+M=NH2+M                1.00E-17  0.0    0.0       1.00E-38  0.0    0.0       0.00E+00  0.0    0.0
363   2    N+CH=CN+H                   2.77E-10  -0.1   0.0       0.00E+00  0.0    0.0       0.00E+00  0.0    0.0
364   2    N+CH=NH+C                   7.46E-13  0.7    -1207.0   0.00E+00  0.0    0.0       0.00E+00  0.0    0.0
365   3    N+CH+M=HCN+M                1.00E-10  0.0    0.0       1.00E-31  0.0    0.0       0.00E+00  0.0    0.0
366   2    N+(3)CH2=HCN+H              1.70E-11  0.0    0.0       0.00E+00  0.0    0.0       0.00E+00  0.0    0.0
367   2    N+CH3=H2CN+H                3.90E-10  0.0    -420.0    0.00E+00  0.0    0.0       0.00E+00  0.0    0.0
368   2    N+CH3=HCN+H2                4.30E-11  0.0    -420.0    0.00E+00  0.0    0.0       0.00E+00  0.0    0.0
369   3    N+CH4+M=CH3NH+M             3.00E-18  0.0    0.0       1.00E-31  0.0    0.0       0.00E+00  0.0    0.0
370   2    N+CH4=HCN+H2+H              2.50E-14  0.0    0.0       0.00E+00  0.0    0.0       0.00E+00  0.0    0.0
371   2    N+C2=CN+C                   2.90E-12  0.5    0.0       0.00E+00  0.0    0.0       0.00E+00  0.0    0.0
372   2    N+C2H=C2N+H                 4.00E-11  0.0    0.0       0.00E+00  0.0    0.0       0.00E+00  0.0    0.0
373   3    N+C2H2+M=CH2CN+M            1.00E-16  0.0    0.0       1.00E-31  0.0    0.0       0.00E+00  0.0    0.0
374   2    N+C2H3=CH2CN+H              6.16E-11  0.0    0.0       0.00E+00  0.0    0.0       0.00E+00  0.0    0.0
375   2    N+C2H3=NH+C2H2              1.23E-11  0.0    0.0       0.00E+00  0.0    0.0       0.00E+00  0.0    0.0
376   3    N+C2H3+M=CH3CN+M            3.08E-12  0.0    0.0       1.00E-31  0.0    0.0       0.00E+00  0.0    0.0
377   2    N+C2H4=HCN+CH3              1.00E-15  0.0    0.0       0.00E+00  0.0    0.0       0.00E+00  0.0    0.0
378   3    N+C2H4+M=C2H4N+M            3.32E-14  0.0    -352.0    9.41E-31  0.0    0.0       0.00E+00  0.0    0.0
379   2    N+C2H5=NH+C2H4              6.60E-11  0.0    0.0       0.00E+00  0.0    0.0       0.00E+00  0.0    0.0
380   2    N+C2H5=H2CN+CH3             3.30E-11  0.0    0.0       0.00E+00  0.0    0.0       0.00E+00  0.0    0.0
381   2    N+C2H5=CH3CN+H2             1.10E-11  0.0    0.0       0.00E+00  0.0    0.0       0.00E+00  0.0    0.0
382   3    N+C2H6+M=C2H6N+M            4.00E-16  0.0    0.0       1.00E-30  0.0    0.0       0.00E+00  0.0    0.0
383   2    N+C3H2=HC3N+H               1.15E-12  0.5    0.0       0.00E+00  0.0    0.0       0.00E+00  0.0    0.0
384   2    N+C3H3=HC3N+H2              1.15E-12  0.5    0.0       0.00E+00  0.0    0.0       0.00E+00  0.0    0.0
385   2    2N+M=N2+M                   5.00E-16  0.0    0.0       2.20E-32  0.0    0.0       0.00E+00  0.0    0.0
386   2    N+NH=N2+H                   2.50E-11  0.0    0.0       0.00E+00  0.0    0.0       0.00E+00  0.0    0.0
387   2    N+NH2=N2+2H                 1.15E-10  0.0    0.0       0.00E+00  0.0    0.0       0.00E+00  0.0    0.0
388   3    N+NH3+M=N2H3+M              1.48E-12  0.0    -4830.0   1.00E-31  0.0    0.0       0.00E+00  0.0    0.0
389   2    N+NH3=N2+H2+H               5.94E-12  0.0    -4830.0   0.00E+00  0.0    0.0       0.00E+00  0.0    0.0
390   2    N+N2H4=PROD                 1.25E-13  0.0    0.0       0.00E+00  0.0    0.0       0.00E+00  0.0    0.0
391   2    N+CH3NH=CH2NH+NH            1.00E-11  0.0    0.0       0.00E+00  0.0    0.0       0.00E+00  0.0    0.0
392   2    N+CH2NH2=CH2NH+NH           1.00E-11  0.0    0.0       0.00E+00  0.0    0.0       0.00E+00  0.0    0.0
393   2    N+CN=N2+C                   1.00E-10  0.0    0.0       0.00E+00  0.0    0.0       0.00E+00  0.0    0.0
394   2    N+H2CN=HCN+NH               9.50E-11  0.0    -200.0    0.00E+00  0.0    0.0       0.00E+00  0.0    0.0
395   2    N+H2CN=N2+(3)CH2            5.00E-12  0.0    -200.0    0.00E+00  0.0    0.0       0.00E+00  0.0    0.0
396   2    N+C2N=2CN                   1.00E-10  0.0    0.0       0.00E+00  0.0    0.0       0.00E+00  0.0    0.0
397   2    N+CH2CN=H2CN+CN             4.40E-11  0.0    0.0       0.00E+00  0.0    0.0       0.00E+00  0.0    0.0
398   2    N+CH3CN=2HCN+H              2.28E-15  0.0    -813.0    0.00E+00  0.0    0.0       0.00E+00  0.0    0.0
399   2    N+HC3N=HCN+C2N              1.00E-15  0.0    0.0       0.00E+00  0.0    0.0       0.00E+00  0.0    0.0
400   2    N+C4N2=C2N2+C2N             5.30E-15  0.0    0.0       0.00E+00  0.0    0.0       0.00E+00  0.0    0.0
401   2    NH+H=N+H2                   1.70E-11  0.0    0.0       0.00E+00  0.0    0.0       0.00E+00  0.0    0.0
402   2    NH+CH=HCN+H                 1.00E-10  0.0    0.0       0.00E+00  0.0    0.0       0.00E+00  0.0    0.0
403   2    NH+(3)CH2=N+CH3             3.00E-11  0.0    0.0       0.00E+00  0.0    0.0       0.00E+00  0.0    0.0
404   2    NH+(3)CH2=H2CN+H            5.00E-11  0.0    0.0       0.00E+00  0.0    0.0       0.00E+00  0.0    0.0
405   2    NH+CH3=N+CH4                1.00E-11  0.0    0.0       0.00E+00  0.0    0.0       0.00E+00  0.0    0.0
406   2    NH+CH3=CH2NH+H              5.00E-11  0.0    0.0       0.00E+00  0.0    0.0       0.00E+00  0.0    0.0
407   3    NH+C2H2+M=CH3CN+M           1.00E-11  0.0    -5000.0   1.00E-31  0.0    0.0       0.00E+00  0.0    0.0
408   2    NH+C2H3=N+C2H4              1.00E-11  0.0    0.0       0.00E+00  0.0    0.0       0.00E+00  0.0    0.0
409   2    NH+C2H3=CH3CN+H             5.00E-11  0.0    0.0       0.00E+00  0.0    0.0       0.00E+00  0.0    0.0
410   2    NH+C2H3=NH2+C2H2            3.00E-11  0.0    0.0       0.00E+00  0.0    0.0       0.00E+00  0.0    0.0
411   2    NH+C2H4=NH2+C2H3            1.50E-11  0.0    -6735.0   0.00E+00  0.0    0.0       0.00E+00  0.0    0.0
412   3    NH+C2H4+M=C2H5N+M           1.50E-11  0.0    -6735.0   1.00E-31  0.0    0.0       0.00E+00  0.0    0.0
413   2    NH+C2H5=N+C2H6              1.00E-11  0.0    0.0       0.00E+00  0.0    0.0       0.00E+00  0.0    0.0
414   2    NH+C2H5=NH2+C2H4            3.00E-11  0.0    0.0       0.00E+00  0.0    0.0       0.00E+00  0.0    0.0
415   2    NH+C2H5=H2CN+CH4            2.00E-11  0.0    0.0       0.00E+00  0.0    0.0       0.00E+00  0.0    0.0
416   2    NH+C2H6=NH2+C2H5            7.42E-13  0.0    -4830.0   0.00E+00  0.0    0.0       0.00E+00  0.0    0.0
417   1    2NH=NH2+N                   9.88E-22  2.9    1022.0    0.00E+00  0.0    0.0       0.00E+00  0.0    0.0
418   2    2NH+M=N2+H2+M               3.26E-10  0.0    -1352.0   1.00E-32  0.0    0.0       0.00E+00  0.0    0.0
419   2    NH+NH2=NH3+N                1.00E-12  0.0    0.0       0.00E+00  0.0    0.0       0.00E+00  0.0    0.0
420   2    NH+NH2=N2+H2+H              1.60E-11  0.0    0.0       0.00E+00  0.0    0.0       0.00E+00  0.0    0.0
421   3    NH+NH2+M=N2H3+M             1.16E-10  0.0    0.0       1.00E-31  0.0    0.0       0.00E+00  0.0    0.0
422   3    NH+NH3+M=N2H4+M             1.00E-17  0.0    0.0       1.00E-36  0.0    0.0       0.00E+00  0.0    0.0
423   2    NH+CH3NH=N+CH3NH2           1.00E-11  0.0    0.0       0.00E+00  0.0    0.0       0.00E+00  0.0    0.0
424   2    NH+CH3NH=NH2+CH2NH          3.00E-11  0.0    0.0       0.00E+00  0.0    0.0       0.00E+00  0.0    0.0
425   2    NH+CH3NH=NH3+H2CN           2.00E-13  0.0    0.0       0.00E+00  0.0    0.0       0.00E+00  0.0    0.0
426   2    NH+CH2NH2=N+CH3NH2          1.00E-11  0.0    0.0       0.00E+00  0.0    0.0       0.00E+00  0.0    0.0
427   2    NH+CH2NH2=NH2+CH2NH         3.00E-11  0.0    0.0       0.00E+00  0.0    0.0       0.00E+00  0.0    0.0
428   2    NH+CH2NH2=NH3+H2CN          2.00E-13  0.0    0.0       0.00E+00  0.0    0.0       0.00E+00  0.0    0.0
429   2    NH+CN=N+HCN                 3.00E-12  0.0    0.0       0.00E+00  0.0    0.0       0.00E+00  0.0    0.0
430   2    NH+H2CN=NH2+HCN             3.00E-11  0.0    0.0       0.00E+00  0.0    0.0       0.00E+00  0.0    0.0
431   2    NH+C2N=C2N2+H               7.00E-11  0.0    0.0       0.00E+00  0.0    0.0       0.00E+00  0.0    0.0
432   2    NH+CH2CN=N+CH3CN            1.00E-11  0.0    0.0       0.00E+00  0.0    0.0       0.00E+00  0.0    0.0
433   2    NH2+H=NH+H2                 1.05E-10  0.0    -4450.0   0.00E+00  0.0    0.0       0.00E+00  0.0    0.0
434   3    NH2+H+M=NH3+M               2.66E-11  0.0    0.0       5.33E-25  -2.0   0.0       0.00E+00  0.0    0.0
435   2    NH2+H2=NH3+H                2.09E-12  0.0    -4277.0   0.00E+00  0.0    0.0       0.00E+00  0.0    0.0
436   3    NH2+CH+M=CH2NH+M            1.00E-15  0.0    0.0       1.00E-32  0.0    0.0       0.00E+00  0.0    0.0
437   2    NH2+(3)CH2=CH2NH+H          2.00E-11  0.0    0.0       0.00E+00  0.0    0.0       0.00E+00  0.0    0.0
438   3    NH2+CH3+M=CH3NH2+M          1.19E-11  0.4    0.0       6.04E-18  -3.9   0.0       0.00E+00  0.0    0.0
439   2    NH2+CH4=NH3+CH3             8.30E-13  0.0    -5284.0   0.00E+00  0.0    0.0       0.00E+00  0.0    0.0
440   2    NH2+C2H=NH+C2H2             4.00E-11  0.0    0.0       0.00E+00  0.0    0.0       0.00E+00  0.0    0.0
441   3    NH2+C2H2+M=C2H4N+M          1.11E-13  0.0    -1852.0   1.00E-26  0.0    0.0       0.00E+00  0.0    0.0
442   2    NH2+C2H3=NH3+C2H2           4.00E-11  0.0    0.0       0.00E+00  0.0    0.0       0.00E+00  0.0    0.0
443   3    NH2+C2H3+M=C2H5N+M          1.00E-12  0.0    0.0       1.00E-26  0.0    0.0       0.00E+00  0.0    0.0
444   3    NH2+C2H4+M=C2H6N+M          3.41E-14  0.0    -1318.0   1.00E-26  0.0    0.0       0.00E+00  0.0    0.0
445   2    NH2+C2H5=NH3+C2H4           4.00E-11  0.0    0.0       0.00E+00  0.0    0.0       0.00E+00  0.0    0.0
446   3    NH2+C2H5+M=C2H5NH2+M        1.50E-12  0.0    0.0       1.00E-26  0.0    0.0       0.00E+00  0.0    0.0
447   2    NH2+C2H6=NH3+C2H5           6.14E-13  0.0    -3598.0   0.00E+00  0.0    0.0       0.00E+00  0.0    0.0
448   2    NH2+C3H8=NH3+C3H7           7.47E-13  0.0    -3095.0   0.00E+00  0.0    0.0       0.00E+00  0.0    0.0
449   2    2NH2+M=N2H4+M               2.53E-11  0.3    0.0       8.73E-20  -3.9   0.0       0.00E+00  0.0    0.0
450   1    2NH2=N2+2H2                 1.30E-12  0.0    0.0       0.00E+00  0.0    0.0       0.00E+00  0.0    0.0
451   1    2NH2=N2H3+H                 5.00E-14  0.0    0.0       0.00E+00  0.0    0.0       0.00E+00  0.0    0.0
452   2    NH2+N2H4=NH3+N2H3           5.14E-13  0.0    0.0       0.00E+00  0.0    0.0       0.00E+00  0.0    0.0
453   2    NH2+CH2NH=NH3+H2CN          3.40E-14  0.0    -1318.0   0.00E+00  0.0    0.0       0.00E+00  0.0    0.0
454   2    NH2+CH3NH=NH3+CH2NH         4.00E-11  0.0    0.0       0.00E+00  0.0    0.0       0.00E+00  0.0    0.0
455   2    NH2+CH2NH2=NH3+CH2NH        4.00E-11  0.0    0.0       0.00E+00  0.0    0.0       0.00E+00  0.0    0.0
456   2    NH2+CH3NH2=NH3+CH2NH2       2.50E-11  0.0    -1600.0   0.00E+00  0.0    0.0       0.00E+00  0.0    0.0
457   2    NH2+CH3NH2=NH3+CH3NH        2.50E-11  0.0    -1600.0   0.00E+00  0.0    0.0       0.00E+00  0.0    0.0
458   2    NH2+H2CN=NH3+HCN            4.00E-11  0.0    0.0       0.00E+00  0.0    0.0       0.00E+00  0.0    0.0
459   2    NH2+CH2CN=CH2NH+HCN         5.00E-13  0.0    0.0       0.00E+00  0.0    0.0       0.00E+00  0.0    0.0
460   3    NH2+C2H4N+M=C2H6N2+M        1.00E-11  0.0    0.0       1.00E-26  0.0    0.0       0.00E+00  0.0    0.0
461   2    NH2+C2H5N=NH3+C2H4N         1.80E-13  0.0    -805.0    0.00E+00  0.0    0.0       0.00E+00  0.0    0.0
462   2    NH2+C2H6N=NH3+C2H5N         1.00E-11  0.0    0.0       0.00E+00  0.0    0.0       0.00E+00  0.0    0.0
463   2    NH3+H=NH2+H2                7.77E-24  3.9    -4063.0   0.00E+00  0.0    0.0       0.00E+00  0.0    0.0
464   2    NH3+CH=CH2NH+H              4.13E-09  -0.6   -28.0     0.00E+00  0.0    0.0       0.00E+00  0.0    0.0
465   2    NH3+CN=NH2+HCN              1.83E-08  -1.1   0.0       0.00E+00  0.0    0.0       0.00E+00  0.0    0.0
466   2    N2H3+H=2NH2                 2.66E-12  0.0    0.0       0.00E+00  0.0    0.0       0.00E+00  0.0    0.0
467   1    2N2H3=N2H4+N2+H2            1.31E-10  0.0    0.0       0.00E+00  0.0    0.0       0.00E+00  0.0    0.0
468   1    2N2H3=2NH3+N2               3.53E-11  0.0    0.0       0.00E+00  0.0    0.0       0.00E+00  0.0    0.0
469   2    N2H4+H=N2H3+H2              1.17E-11  0.0    -1260.0   0.00E+00  0.0    0.0       0.00E+00  0.0    0.0
470   2    N2H4+CH3=N2H3+CH4           1.66E-13  0.0    -2516.0   0.00E+00  0.0    0.0       0.00E+00  0.0    0.0
471   2    N2H4+CN=N2H3+HCN            1.83E-08  -1.1   0.0       0.00E+00  0.0    0.0       0.00E+00  0.0    0.0
472   2    CH2NH+H=H2CN+H2             1.00E-13  0.0    0.0       0.00E+00  0.0    0.0       0.00E+00  0.0    0.0
473   3    CH2NH+H+M=CH3NH+M           7.00E-15  1.3    -650.0    2.00E-29  0.0    -380.0    0.00E+00  0.0    0.0
474   2    CH2NH+CH3=H2CN+CH4          1.00E-13  0.0    0.0       0.00E+00  0.0    0.0       0.00E+00  0.0    0.0
475   2    CH2NH+C2H=H2CN+C2H2         2.00E-13  0.0    0.0       0.00E+00  0.0    0.0       0.00E+00  0.0    0.0
476   2    CH2NH+C2H3=H2CN+C2H4        1.00E-13  0.0    0.0       0.00E+00  0.0    0.0       0.00E+00  0.0    0.0
477   2    CH2NH+C2H5=H2CN+C2H6        1.00E-13  0.0    0.0       0.00E+00  0.0    0.0       0.00E+00  0.0    0.0
478   2    CH3NH+H=CH2NH+H2            5.00E-12  0.0    0.0       0.00E+00  0.0    0.0       0.00E+00  0.0    0.0
479   2    CH3NH+H=NH2+CH3             2.00E-11  0.0    0.0       0.00E+00  0.0    0.0       0.00E+00  0.0    0.0
480   3    CH3NH+H+M=CH3NH2+M          5.00E-11  0.0    0.0       1.00E-28  0.0    0.0       0.00E+00  0.0    0.0
481   2    CH3NH+CH3=CH2NH+CH4         1.00E-11  0.0    0.0       0.00E+00  0.0    0.0       0.00E+00  0.0    0.0
482   2    CH2NH2+H=CH2NH+H2           2.00E-11  0.0    0.0       0.00E+00  0.0    0.0       0.00E+00  0.0    0.0
483   2    CH2NH2+H=NH2+CH3            2.00E-11  0.0    0.0       0.00E+00  0.0    0.0       0.00E+00  0.0    0.0
484   2    CH2NH2+CH3=CH2NH+CH4        2.00E-11  0.0    0.0       0.00E+00  0.0    0.0       0.00E+00  0.0    0.0
485   2    CH3NH2+H=NH3+CH3            1.50E-11  0.0    -2667.0   0.00E+00  0.0    0.0       0.00E+00  0.0    0.0
486   2    CH3NH2+H=NH2+CH4            1.50E-11  0.0    -2667.0   0.00E+00  0.0    0.0       0.00E+00  0.0    0.0
487   2    CH3NH2+CH=NH2+C2H4          1.55E-10  0.0    170.0     0.00E+00  0.0    0.0       0.00E+00  0.0    0.0
488   2    CH3NH2+CH=NH3+C2H3          1.27E-10  0.0    170.0     0.00E+00  0.0    0.0       0.00E+00  0.0    0.0
489   2    CH3NH2+CH=CH2NH+CH3         9.30E-10  0.0    170.0     0.00E+00  0.0    0.0       0.00E+00  0.0    0.0
490   2    CH3NH2+CH=H2CN+CH4          9.30E-10  0.0    170.0     0.00E+00  0.0    0.0       0.00E+00  0.0    0.0
491   2    CH3NH2+CH=CH3CN+H2+H        9.30E-10  0.0    170.0     0.00E+00  0.0    0.0       0.00E+00  0.0    0.0
492   2    CH3NH2+CH3=CH2NH2+CH4       1.62E-13  0.0    -4378.0   0.00E+00  0.0    0.0       0.00E+00  0.0    0.0
493   2    CH3NH2+CH3=CH3NH+CH4        5.89E-15  0.0    -2868.0   0.00E+00  0.0    0.0       0.00E+00  0.0    0.0
494   2    CH3NH2+CN=CH2NH2+HCN        5.20E-15  1.3    208.0     0.00E+00  0.0    0.0       0.00E+00  0.0    0.0
495   2    CH3NH2+CN=CH3NH+HCN         5.20E-15  1.3    208.0     0.00E+00  0.0    0.0       0.00E+00  0.0    0.0
496   3    CN+H+M=HCN+M                2.00E-10  0.0    0.0       2.40E-24  -2.2   -567.0    0.00E+00  0.0    0.0
497   2    CN+H2=HCN+H                 3.20E-20  2.9    -820.0    0.00E+00  0.0    0.0       0.00E+00  0.0    0.0
498   2    CN+CH3=HCN+(3)CH2           3.00E-11  0.0    0.0       0.00E+00  0.0    0.0       0.00E+00  0.0    0.0
499   2    CN+CH4=HCN+CH3              5.73E-12  0.0    -675.0    0.00E+00  0.0    0.0       0.00E+00  0.0    0.0
500   3    CN+C2H+M=HC3N+M             1.29E-11  0.0    0.0       1.00E-30  0.0    0.0       0.00E+00  0.0    0.0
501   2    CN+C2H2=HC3N+H              5.26E-09  -0.5   -19.0     0.00E+00  0.0    0.0       0.00E+00  0.0    0.0
502   2    CN+C2H4=HCN+C2H3            1.10E-10  0.0    172.0     0.00E+00  0.0    0.0       0.00E+00  0.0    0.0
503   2    CN+C2H4=C2H3CN+H            2.80E-11  0.0    172.0     0.00E+00  0.0    0.0       0.00E+00  0.0    0.0
504   2    CN+C2H6=HCN+C2H5            5.91E-12  0.2    58.0      0.00E+00  0.0    0.0       0.00E+00  0.0    0.0
505   2    CN+CH3C2H=HCN+C3H3          2.10E-10  0.0    0.0       0.00E+00  0.0    0.0       0.00E+00  0.0    0.0
506   2    CN+C3H8=HCN+C3H7            2.44E-14  1.2    378.0     0.00E+00  0.0    0.0       0.00E+00  0.0    0.0
507   2    CN+HCN=C2N2+H               2.50E-17  1.7    -770.0    0.00E+00  0.0    0.0       0.00E+00  0.0    0.0
508   2    CN+H2CN=2HCN                5.26E-09  -0.5   -19.0     0.00E+00  0.0    0.0       0.00E+00  0.0    0.0
509   2    CN+CH3CN=HCN+CH2CN          6.46E-11  0.0    -1190.0   0.00E+00  0.0    0.0       0.00E+00  0.0    0.0
510   2    CN+C2H3CN=H+PROD            3.02E-11  0.0    104.0     0.00E+00  0.0    0.0       0.00E+00  0.0    0.0
511   2    CN+HC3N=HCN+C3N             8.50E-12  0.0    0.0       0.00E+00  0.0    0.0       0.00E+00  0.0    0.0
512   2    CN+HC3N=C4N2+H              8.50E-12  0.0    0.0       0.00E+00  0.0    0.0       0.00E+00  0.0    0.0
513   3    HCN+H+M=H2CN+M              5.50E-11  0.0    -2438.0   4.40E-24  -2.7   -3855.0   0.00E+00  0.0    0.0
514   3    HCN+CH+M=CH2CN+M            5.00E-11  0.0    500.0     1.00E-30  0.0    0.0       0.00E+00  0.0    0.0
515   2    HCN+C2H=HC3N+H              5.30E-12  0.0    -769.0    0.00E+00  0.0    0.0       0.00E+00  0.0    0.0
516   2    HCN+C2H3=C2H3CN+H           1.00E-12  0.0    -900.0    0.00E+00  0.0    0.0       0.00E+00  0.0    0.0
517   2    H2CN+H=HCN+H2               7.00E-11  0.0    0.0       0.00E+00  0.0    0.0       0.00E+00  0.0    0.0
518   2    H2CN+C2H3=CH2NH+C2H2        2.40E-11  0.0    0.0       0.00E+00  0.0    0.0       0.00E+00  0.0    0.0
519   2    H2CN+C2H5=CH2NH+C2H4        2.66E-11  0.0    0.0       0.00E+00  0.0    0.0       0.00E+00  0.0    0.0
520   1    2H2CN=HCN+CH2NH             5.82E-12  0.0    0.0       0.00E+00  0.0    0.0       0.00E+00  0.0    0.0
521   3    C2N+H2+M=CH2CN+M            1.00E-18  0.0    0.0       1.00E-33  0.0    0.0       0.00E+00  0.0    0.0
522   2    C2N+(3)CH2=HC3N+H           4.00E-11  0.0    0.0       0.00E+00  0.0    0.0       0.00E+00  0.0    0.0
523   2    C2N+CH3=HC3N+H2             2.00E-11  0.0    0.0       0.00E+00  0.0    0.0       0.00E+00  0.0    0.0
524   2    C2N+CH4=C2H3CN+H            4.00E-11  0.0    0.0       0.00E+00  0.0    0.0       0.00E+00  0.0    0.0
525   2    C2N2+H=HCN+CN               5.25E-10  0.0    -4030.0   0.00E+00  0.0    0.0       0.00E+00  0.0    0.0
526   2    C2N2+(3)CH2=CH2CN+CN        1.00E-13  0.0    0.0       0.00E+00  0.0    0.0       0.00E+00  0.0    0.0
527   3    CH2CN+H+M=CH3CN+M           1.00E-12  0.0    0.0       1.00E-29  0.0    0.0       0.00E+00  0.0    0.0
528   2    CH2CN+C2H3=CH3CN+C2H2       2.66E-11  0.0    0.0       0.00E+00  0.0    0.0       0.00E+00  0.0    0.0
529   2    CH2CN+C2H5=CH3CN+C2H4       2.00E-11  0.0    0.0       0.00E+00  0.0    0.0       0.00E+00  0.0    0.0
530   2    CH3CN+H=CH2CN+H2            3.19E-12  0.0    0.0       0.00E+00  0.0    0.0       0.00E+00  0.0    0.0
531   2    CH3CN+H=HCN+CH3             3.39E-12  0.0    -3954.0   0.00E+00  0.0    0.0       0.00E+00  0.0    0.0
532   2    CH3CN+C2H=CH2CN+C2H2        1.80E-11  0.0    -769.0    0.00E+00  0.0    0.0       0.00E+00  0.0    0.0
533   2    C2H4N+H=NH3+C2H2            1.00E-11  0.0    0.0       0.00E+00  0.0    0.0       0.00E+00  0.0    0.0
534   3    C2H4N+H+M=C2H5N+M           1.00E-10  0.0    0.0       1.00E-29  0.0    0.0       0.00E+00  0.0    0.0
535   2    2C2H4N+M=C4H8N2+M           5.00E-11  0.0    0.0       1.00E-24  0.0    0.0       0.00E+00  0.0    0.0
536   2    C2H5N+H=C2H4N+H2            1.60E-11  0.0    -1215.0   0.00E+00  0.0    0.0       0.00E+00  0.0    0.0
537   2    C2H5N+CH3=C2H4N+CH4         9.62E-14  0.0    -2657.0   0.00E+00  0.0    0.0       0.00E+00  0.0    0.0
538   2    C2H6N+H=NH3+C2H4            1.00E-11  0.0    0.0       0.00E+00  0.0    0.0       0.00E+00  0.0    0.0
539   2    C2H6N+CH3=C2H5N+CH4         9.96E-12  0.0    0.0       0.00E+00  0.0    0.0       0.00E+00  0.0    0.0
540   3    C2H6N+CH3+M=C3H9N+M         1.82E-11  0.0    0.0       1.00E-24  0.0    0.0       0.00E+00  0.0    0.0
541   2    C3N+H2=HC3N+H               1.00E-11  0.0    -1300.0   0.00E+00  0.0    0.0       0.00E+00  0.0    0.0
542   2    C3N+CH4=HC3N+CH3            2.40E-11  0.0    -900.0    0.00E+00  0.0    0.0       0.00E+00  0.0    0.0
543   2    C3N+C2H2=H+PROD             3.00E-10  0.0    0.0       0.00E+00  0.0    0.0       0.00E+00  0.0    0.0
544   2    C3N+C2H2=C4H2+CN            1.00E-12  0.0    0.0       0.00E+00  0.0    0.0       0.00E+00  0.0    0.0
545   2    C3N+C2H6=HC3N+C2H5          3.00E-11  0.0    -400.0    0.00E+00  0.0    0.0       0.00E+00  0.0    0.0
546   2    HC3N+C2H=H+PROD             8.00E-11  0.0    0.0       0.00E+00  0.0    0.0       0.00E+00  0.0    0.0
547   2    C2H3CN+(3)CH2=CH2CN+C2H3    2.00E-11  0.0    0.0       0.00E+00  0.0    0.0       0.00E+00  0.0    0.0
548   2    NH3CON+V=NH3                0.00E+00  0.0    0.0       0.00E+00  0.0    0.0       0.00E+00  0.0    0.0
549   2    N2H4CON+V=N2H4              0.00E+00  0.0    0.0       0.00E+00  0.0    0.0       0.00E+00  0.0    0.0
550   2    HCNCON+V=HCN                0.00E+00  0.0    0.0       0.00E+00  0.0    0.0       0.00E+00  0.0    0.0
551   2    CH3CNCON+V=CH3CN            0.00E+00  0.0    0.0       0.00E+00  0.0    0.0       0.00E+00  0.0    0.0
552   2    HC3NCON+V=HC3N              0.00E+00  0.0    0.0       0.00E+00  0.0    0.0       0.00E+00  0.0    0.0
553   2    ACRYLCON+V=C2H3CN           0.00E+00  0.0    0.0       0.00E+00  0.0    0.0       0.00E+00  0.0    0.0
554   2    C6H6CON+V=C6H6              0.00E+00  0.0    0.0       0.00E+00  0.0    0.0       0.00E+00  0.0    0.0
555   1    H2=H2                       0.00E+00  0.0    0.0       0.00E+00  0.0    0.0       0.00E+00  0.0    0.0
556   1    CH4=CH4                     0.00E+00  0.0    0.0       0.00E+00  0.0    0.0       0.00E+00  0.0    0.0
557   1    C2H2=C2H2                   0.00E+00  0.0    0.0       0.00E+00  0.0    0.0       0.00E+00  0.0    0.0
558   1    C2H4=C2H4                   0.00E+00  0.0    0.0       0.00E+00  0.0    0.0       0.00E+00  0.0    0.0
559   1    C2H6=C2H6                   0.00E+00  0.0    0.0       0.00E+00  0.0    0.0       0.00E+00  0.0    0.0
560   1    CH3C2H=CH3C2H               0.00E+00  0.0    0.0       0.00E+00  0.0    0.0       0.00E+00  0.0    0.0
561   1    C3H8=C3H8                   0.00E+00  0.0    0.0       0.00E+00  0.0    0.0       0.00E+00  0.0    0.0
562   1    C4H2=C4H2                   0.00E+00  0.0    0.0       0.00E+00  0.0    0.0       0.00E+00  0.0    0.0
563   1    C4H10=C4H10                 0.00E+00  0.0    0.0       0.00E+00  0.0    0.0       0.00E+00  0.0    0.0
564   1    C6H2=C6H2                   0.00E+00  0.0    0.0       0.00E+00  0.0    0.0       0.00E+00  0.0    0.0
565   1    NH3=NH3                     0.00E+00  0.0    0.0       0.00E+00  0.0    0.0       0.00E+00  0.0    0.0
566   1    CH3NH2=CH3NH2               0.00E+00  0.0    0.0       0.00E+00  0.0    0.0       0.00E+00  0.0    0.0
567   1    HCN=HCN                     0.00E+00  0.0    0.0       0.00E+00  0.0    0.0       0.00E+00  0.0    0.0
568   1    C2N2=C2N2                   0.00E+00  0.0    0.0       0.00E+00  0.0    0.0       0.00E+00  0.0    0.0
569   1    CH3CN=CH3CN                 0.00E+00  0.0    0.0       0.00E+00  0.0    0.0       0.00E+00  0.0    0.0
570   1    HC3N=HC3N                   0.00E+00  0.0    0.0       0.00E+00  0.0    0.0       0.00E+00  0.0    0.0
571   1    N2=N2                       0.00E+00  0.0    0.0       0.00E+00  0.0    0.0       0.00E+00  0.0    0.0
572   1    HCN=HCN                     0.00E+00  0.0    0.0       0.00E+00  0.0    0.0       0.00E+00  0.0    0.0
573   1    N2=2N                       0.00E+00  0.0    0.0       0.00E+00  0.0    0.0       0.00E+00  0.0    0.0
574   1    HCN=H+CN                    0.00E+00  0.0    0.0       0.00E+00  0.0    0.0       0.00E+00  0.0    0.0
575   1    HC3N=C2H+CN                 0.00E+00  0.0    0.0       0.00E+00  0.0    0.0       0.00E+00  0.0    0.0
576   1    HC3N=H+C3N                  0.00E+00  0.0    0.0       0.00E+00  0.0    0.0       0.00E+00  0.0    0.0
577   1    C2N2=2CN                    0.00E+00  0.0    0.0       0.00E+00  0.0    0.0       0.00E+00  0.0    0.0
578   1    CH3CN=CH3+CN                0.00E+00  0.0    0.0       0.00E+00  0.0    0.0       0.00E+00  0.0    0.0
579   1    C4N2=C3N+CN                 0.00E+00  0.0    0.0       0.00E+00  0.0    0.0       0.00E+00  0.0    0.0
580   2    N2+U=N+NH                   0.00E+00  0.0    0.0       0.00E+00  0.0    0.0       0.00E+00  0.0    0.0
581   2    C2H3CN+U=C2H2+HCN           0.00E+00  0.0    0.0       0.00E+00  0.0    0.0       0.00E+00  0.0    0.0
582   2    HCN+U=PROD                  0.00E+00  0.0    0.0       0.00E+00  0.0    0.0       0.00E+00  0.0    0.0
583   3    N+H+M=NH+M                  0.00E+00  0.0    0.0       1.00E-32  0.0    0.0       0.00E+00  0.0    0.0
584   2    N+(3)CH2=HCN+H              5.00E-12  0.0    -250.0    0.00E+00  0.0    0.0       0.00E+00  0.0    0.0
585   2    N+CH3=HCN+H2                5.00E-12  0.0    -250.0    0.00E+00  0.0    0.0       0.00E+00  0.0    0.0
586   2    N+C2H3=C2H2+NH              1.00E-12  0.0    0.0       0.00E+00  0.0    0.0       0.00E+00  0.0    0.0
587   3    N+C2H2+M=NH+C2H2            0.00E+00  0.0    0.0       5.50E-17  -5.5   -1100.0   0.00E+00  0.0    0.0
588   2    N+CN=N2                     5.00E-11  0.0    -1000.0   0.00E+00  0.0    0.0       0.00E+00  0.0    0.0
589   2    H+NH=N+H2                   1.70E-12  0.7    -950.0    0.00E+00  0.0    0.0       0.00E+00  0.0    0.0
590   2    N+NH=N2+H                   1.00E-12  0.5    0.0       0.00E+00  0.0    0.0       0.00E+00  0.0    0.0
591   2    CN+C2H3=HCN+C2H2            3.00E-12  0.0    0.0       0.00E+00  0.0    0.0       0.00E+00  0.0    0.0
592   2    CN+H2=HCN+H                 1.00E-10  0.0    -2670.0   0.00E+00  0.0    0.0       0.00E+00  0.0    0.0
593   2    CN+CH4=HCN+CH3              1.00E-11  0.0    -857.0    0.00E+00  0.0    0.0       0.00E+00  0.0    0.0
594   2    CN+C2H6=HCN+C2H5            2.00E-11  0.0    0.0       0.00E+00  0.0    0.0       0.00E+00  0.0    0.0
595   2    CN+C2H2=HC3N+H              2.30E-11  0.0    0.0       0.00E+00  0.0    0.0       0.00E+00  0.0    0.0
596   2    C2H+HCN=HC3N+H              2.20E-12  0.0    0.0       0.00E+00  0.0    0.0       0.00E+00  0.0    0.0
597   2    CN+HCN=C2N2+H               1.80E-14  0.0    0.0       0.00E+00  0.0    0.0       0.00E+00  0.0    0.0
598   3    C2N2+H+M=2HCN               0.00E+00  0.0    0.0       6.40E-25  -2.0   -1200.0   0.00E+00  0.0    0.0
599   2    CN+C2H4=C2H3CN+H            5.00E-11  0.0    0.0       0.00E+00  0.0    0.0       0.00E+00  0.0    0.0
600   2    2NH+M=N2+H2+M               0.00E+00  0.0    0.0       1.00E-33  0.0    0.0       0.00E+00  0.0    0.0
601   2    HC3N+U=PROD                 0.00E+00  0.0    0.0       0.00E+00  0.0    0.0       0.00E+00  0.0    0.0
602   2    C2N2+U=PROD                 0.00E+00  0.0    0.0       0.00E+00  0.0    0.0       0.00E+00  0.0    0.0
603   2    CN+HC3N=H+C4N2              1.00E-11  0.0    0.0       0.00E+00  0.0    0.0       0.00E+00  0.0    0.0
604   2    C3N+CH4=HC3N+CH3            5.00E-14  0.0    0.0       0.00E+00  0.0    0.0       0.00E+00  0.0    0.0
605   2    C3N+C2H6=HC3N+C2H5          1.00E-11  0.0    0.0       0.00E+00  0.0    0.0       0.00E+00  0.0    0.0
606   2    C4N2+U=PROD                 0.00E+00  0.0    0.0       0.00E+00  0.0    0.0       0.00E+00  0.0    0.0
607   1    2U=2C6H6                    0.00E+00  0.0    0.0       0.00E+00  0.0    0.0       0.00E+00  0.0    0.0
608   1    2H=2U                       0.00E+00  0.0    0.0       0.00E+00  0.0    0.0       0.00E+00  0.0    0.0
609   1    M=RAYEAR                    0.00E+00  0.0    0.0       0.00E+00  0.0    0.0       0.00E+00  0.0    0.0
STOP
